-0.03187500000000004	-0.06235382907247957
-0.030500000000000037	-0.05997225921207237
-0.02912500000000004	-0.057590689351665156
-0.02775000000000004	-0.05520911949125795
-0.026375000000000037	-0.05282754963085075
-0.025000000000000036	-0.050445979770443544
-0.023625000000000035	-0.04806440991003633
-0.022250000000000037	-0.04568284004962912
-0.02087500000000004	-0.04330127018922192
-0.019500000000000038	-0.040919700328814715
-0.018125000000000037	-0.03853813046840751
-0.016750000000000036	-0.03615656060800031
-0.015375000000000034	-0.033774990747593096
-0.014000000000000037	-0.03139342088718589
-0.012625000000000035	-0.02901185102677868
-0.011250000000000038	-0.026630281166371485
-0.009875000000000037	-0.024248711305964274
-0.008500000000000035	-0.021867141445557063
-0.007125000000000034	-0.019485571585149866
-0.005750000000000033	-0.017104001724742655
-0.004375000000000039	-0.014722431864335452
-0.0030000000000000374	-0.012340862003928248
-0.0016250000000000361	-0.009959292143521037
-0.0002500000000000349	-0.007577722283113826
-0.030500000000000037	-0.06473539893288678
-0.02912500000000004	-0.06235382907247957
-0.02775000000000004	-0.05997225921207237
-0.026375000000000037	-0.057590689351665156
-0.025000000000000036	-0.05520911949125795
-0.02362500000000004	-0.05282754963085075
-0.022250000000000037	-0.05044597977044354
-0.020875000000000036	-0.04806440991003633
-0.019500000000000038	-0.04568284004962913
-0.018125000000000037	-0.043301270189221926
-0.016750000000000036	-0.040919700328814715
-0.015375000000000034	-0.03853813046840751
-0.014000000000000033	-0.03615656060800031
-0.012625000000000035	-0.0337749907475931
-0.011250000000000034	-0.031393420887185886
-0.009875000000000037	-0.02901185102677869
-0.008500000000000035	-0.026630281166371478
-0.007125000000000034	-0.024248711305964267
-0.005750000000000033	-0.02186714144555707
-0.004375000000000032	-0.01948557158514986
-0.0030000000000000374	-0.017104001724742655
-0.0016250000000000361	-0.014722431864335452
-0.0002500000000000349	-0.01234086200392824
0.0011249999999999663	-0.00995929214352103
-0.02912500000000004	-0.06711696879329399
-0.02775000000000004	-0.06473539893288678
-0.026375000000000037	-0.06235382907247957
-0.025000000000000036	-0.05997225921207237
-0.02362500000000004	-0.057590689351665156
-0.022250000000000037	-0.05520911949125795
-0.020875000000000036	-0.05282754963085075
-0.019500000000000038	-0.05044597977044354
-0.018125000000000037	-0.04806440991003633
-0.016750000000000036	-0.04568284004962913
-0.015375000000000034	-0.04330127018922192
-0.014000000000000033	-0.040919700328814715
-0.012625000000000032	-0.03853813046840751
-0.011250000000000038	-0.03615656060800031
-0.009875000000000037	-0.03377499074759309
-0.008500000000000035	-0.0313934208871859
-0.007125000000000034	-0.02901185102677869
-0.005750000000000033	-0.026630281166371478
-0.004375000000000032	-0.02424871130596428
-0.0030000000000000304	-0.02186714144555707
-0.0016250000000000361	-0.019485571585149866
-0.0002500000000000349	-0.017104001724742662
0.0011249999999999663	-0.014722431864335452
0.0024999999999999675	-0.01234086200392824
-0.02775000000000004	-0.06949853865370119
-0.026375000000000037	-0.06711696879329399
-0.025000000000000036	-0.06473539893288678
-0.02362500000000004	-0.06235382907247957
-0.022250000000000037	-0.05997225921207237
-0.02087500000000004	-0.057590689351665156
-0.019500000000000038	-0.05520911949125795
-0.018125000000000037	-0.05282754963085075
-0.016750000000000036	-0.050445979770443544
-0.015375000000000034	-0.04806440991003634
-0.014000000000000037	-0.04568284004962913
-0.012625000000000035	-0.04330127018922192
-0.011250000000000034	-0.040919700328814715
-0.009875000000000037	-0.03853813046840751
-0.008500000000000035	-0.0361565606080003
-0.0071250000000000376	-0.0337749907475931
-0.005750000000000036	-0.03139342088718589
-0.004375000000000039	-0.02901185102677868
-0.0030000000000000374	-0.026630281166371485
-0.0016250000000000361	-0.024248711305964274
-0.0002500000000000349	-0.02186714144555707
0.0011249999999999663	-0.019485571585149866
0.0024999999999999675	-0.017104001724742655
0.0038749999999999687	-0.014722431864335445
-0.026375000000000037	-0.07188010851410839
-0.025000000000000036	-0.06949853865370119
-0.023625000000000035	-0.06711696879329399
-0.022250000000000037	-0.06473539893288678
-0.020875000000000036	-0.06235382907247957
-0.019500000000000038	-0.05997225921207237
-0.018125000000000037	-0.057590689351665156
-0.016750000000000036	-0.05520911949125795
-0.015375000000000034	-0.05282754963085075
-0.014000000000000033	-0.050445979770443544
-0.012625000000000035	-0.04806440991003633
-0.011250000000000034	-0.04568284004962913
-0.009875000000000033	-0.04330127018922192
-0.008500000000000035	-0.040919700328814715
-0.007125000000000034	-0.038538130468407504
-0.005750000000000036	-0.03615656060800031
-0.004375000000000039	-0.033774990747593096
-0.0030000000000000374	-0.031393420887185886
-0.0016250000000000361	-0.02901185102677869
-0.0002500000000000349	-0.026630281166371478
0.0011249999999999663	-0.024248711305964274
0.0024999999999999675	-0.02186714144555707
0.0038749999999999687	-0.01948557158514986
0.00524999999999997	-0.01710400172474265
-0.025000000000000036	-0.0742616783745156
-0.02362500000000004	-0.07188010851410839
-0.022250000000000037	-0.06949853865370119
-0.020875000000000036	-0.06711696879329399
-0.019500000000000038	-0.06473539893288678
-0.018125000000000037	-0.06235382907247957
-0.016750000000000036	-0.05997225921207236
-0.015375000000000034	-0.057590689351665156
-0.014000000000000037	-0.05520911949125795
-0.012625000000000035	-0.05282754963085075
-0.011250000000000038	-0.050445979770443544
-0.009875000000000037	-0.04806440991003633
-0.008500000000000035	-0.04568284004962912
-0.007125000000000034	-0.04330127018922192
-0.005750000000000033	-0.040919700328814715
-0.004375000000000039	-0.03853813046840751
-0.0030000000000000374	-0.03615656060800031
-0.0016250000000000361	-0.03377499074759309
-0.0002500000000000349	-0.0313934208871859
0.0011249999999999663	-0.02901185102677869
0.0024999999999999675	-0.026630281166371485
0.0038749999999999687	-0.02424871130596428
0.00524999999999997	-0.021867141445557063
0.006624999999999971	-0.01948557158514986
-0.023625000000000035	-0.0766432482349228
-0.022250000000000037	-0.0742616783745156
-0.020875000000000036	-0.07188010851410839
-0.019500000000000035	-0.06949853865370119
-0.018125000000000037	-0.06711696879329399
-0.016750000000000036	-0.06473539893288678
-0.015375000000000034	-0.06235382907247957
-0.014000000000000033	-0.05997225921207236
-0.012625000000000035	-0.057590689351665156
-0.011250000000000034	-0.05520911949125795
-0.009875000000000037	-0.05282754963085075
-0.008500000000000035	-0.050445979770443544
-0.007125000000000034	-0.04806440991003633
-0.005750000000000033	-0.04568284004962913
-0.004375000000000032	-0.04330127018922192
-0.0030000000000000374	-0.04091970032881472
-0.0016250000000000361	-0.03853813046840751
-0.0002500000000000349	-0.0361565606080003
0.0011249999999999663	-0.0337749907475931
0.0024999999999999675	-0.03139342088718589
0.0038749999999999687	-0.02901185102677869
0.00524999999999997	-0.026630281166371485
0.006624999999999971	-0.024248711305964274
0.007999999999999972	-0.021867141445557063
-0.022250000000000037	-0.07902481809533002
-0.02087500000000004	-0.07664324823492281
-0.019500000000000038	-0.07426167837451561
-0.018125000000000037	-0.07188010851410839
-0.016750000000000036	-0.06949853865370119
-0.015375000000000034	-0.06711696879329399
-0.014000000000000033	-0.06473539893288678
-0.012625000000000035	-0.06235382907247957
-0.011250000000000038	-0.05997225921207237
-0.009875000000000037	-0.05759068935166516
-0.008500000000000035	-0.05520911949125795
-0.007125000000000034	-0.05282754963085075
-0.005750000000000033	-0.050445979770443544
-0.004375000000000039	-0.04806440991003634
-0.0030000000000000374	-0.04568284004962912
-0.0016250000000000361	-0.04330127018922193
-0.0002500000000000349	-0.040919700328814715
0.0011249999999999663	-0.03853813046840751
0.0024999999999999675	-0.03615656060800031
0.0038749999999999687	-0.0337749907475931
0.00524999999999997	-0.0313934208871859
0.006624999999999971	-0.02901185102677869
0.007999999999999972	-0.026630281166371485
0.009374999999999974	-0.024248711305964267
-0.02087500000000004	-0.08140638795573722
-0.019500000000000038	-0.07902481809533002
-0.018125000000000037	-0.0766432482349228
-0.016750000000000036	-0.0742616783745156
-0.015375000000000038	-0.07188010851410839
-0.014000000000000037	-0.06949853865370119
-0.012625000000000035	-0.06711696879329399
-0.011250000000000038	-0.06473539893288677
-0.009875000000000037	-0.06235382907247957
-0.008500000000000035	-0.05997225921207237
-0.007125000000000034	-0.057590689351665156
-0.005750000000000033	-0.05520911949125795
-0.004375000000000032	-0.05282754963085075
-0.0030000000000000374	-0.050445979770443544
-0.0016250000000000361	-0.048064409910036326
-0.0002500000000000349	-0.045682840049629136
0.0011249999999999663	-0.04330127018922192
0.0024999999999999675	-0.040919700328814715
0.0038749999999999687	-0.03853813046840751
0.00524999999999997	-0.03615656060800031
0.006624999999999964	-0.0337749907475931
0.007999999999999965	-0.0313934208871859
0.009374999999999967	-0.02901185102677869
0.010749999999999968	-0.02663028116637147
-0.019500000000000038	-0.08378795781614443
-0.018125000000000037	-0.08140638795573721
-0.01675000000000004	-0.07902481809533002
-0.015375000000000038	-0.0766432482349228
-0.014000000000000037	-0.0742616783745156
-0.012625000000000039	-0.07188010851410839
-0.011250000000000038	-0.06949853865370119
-0.009875000000000037	-0.06711696879329399
-0.008500000000000035	-0.06473539893288677
-0.007125000000000034	-0.06235382907247957
-0.005750000000000036	-0.05997225921207236
-0.004375000000000039	-0.057590689351665156
-0.0030000000000000374	-0.05520911949125795
-0.0016250000000000361	-0.05282754963085075
-0.0002500000000000349	-0.05044597977044353
0.0011249999999999663	-0.04806440991003634
0.0024999999999999675	-0.04568284004962912
0.0038749999999999687	-0.04330127018922192
0.00524999999999997	-0.040919700328814715
0.006624999999999971	-0.03853813046840751
0.007999999999999965	-0.03615656060800031
0.009374999999999967	-0.0337749907475931
0.010749999999999968	-0.031393420887185886
0.01212499999999997	-0.029011851026778675
-0.018125000000000037	-0.08616952767655163
-0.016750000000000036	-0.08378795781614443
-0.015375000000000038	-0.08140638795573722
-0.014000000000000037	-0.07902481809533002
-0.012625000000000035	-0.0766432482349228
-0.011250000000000038	-0.0742616783745156
-0.009875000000000037	-0.07188010851410839
-0.008500000000000035	-0.06949853865370119
-0.007125000000000034	-0.06711696879329399
-0.005750000000000033	-0.06473539893288678
-0.004375000000000039	-0.06235382907247957
-0.0030000000000000374	-0.05997225921207236
-0.0016250000000000361	-0.057590689351665156
-0.0002500000000000349	-0.05520911949125795
0.0011249999999999663	-0.05282754963085074
0.0024999999999999675	-0.050445979770443544
0.0038749999999999687	-0.04806440991003633
0.00524999999999997	-0.04568284004962912
0.006624999999999971	-0.043301270189221926
0.007999999999999972	-0.040919700328814715
0.009374999999999967	-0.03853813046840751
0.010749999999999968	-0.03615656060800031
0.01212499999999997	-0.033774990747593096
0.01349999999999997	-0.031393420887185886
-0.016750000000000036	-0.08855109753695883
-0.015375000000000034	-0.08616952767655163
-0.014000000000000037	-0.08378795781614443
-0.012625000000000035	-0.08140638795573722
-0.011250000000000034	-0.07902481809533002
-0.009875000000000037	-0.0766432482349228
-0.008500000000000035	-0.0742616783745156
-0.007125000000000034	-0.07188010851410839
-0.005750000000000033	-0.06949853865370119
-0.004375000000000032	-0.06711696879329399
-0.0030000000000000374	-0.06473539893288678
-0.0016250000000000361	-0.06235382907247957
-0.0002500000000000349	-0.05997225921207236
0.0011249999999999663	-0.057590689351665156
0.0024999999999999675	-0.05520911949125795
0.0038749999999999687	-0.05282754963085075
0.00524999999999997	-0.050445979770443544
0.006624999999999971	-0.048064409910036326
0.007999999999999972	-0.045682840049629136
0.009374999999999974	-0.04330127018922192
0.010749999999999968	-0.040919700328814715
0.01212499999999997	-0.03853813046840751
0.01349999999999997	-0.03615656060800031
0.014874999999999972	-0.03377499074759309
-0.015375000000000034	-0.09093266739736605
-0.014000000000000033	-0.08855109753695883
-0.012625000000000035	-0.08616952767655163
-0.011250000000000034	-0.08378795781614443
-0.009875000000000033	-0.08140638795573722
-0.008500000000000035	-0.07902481809533002
-0.007125000000000034	-0.0766432482349228
-0.005750000000000033	-0.0742616783745156
-0.004375000000000032	-0.07188010851410839
-0.0030000000000000304	-0.06949853865370119
-0.0016250000000000361	-0.06711696879329399
-0.0002500000000000349	-0.06473539893288678
0.0011249999999999663	-0.06235382907247957
0.0024999999999999675	-0.05997225921207237
0.0038749999999999687	-0.057590689351665156
0.00524999999999997	-0.05520911949125796
0.006624999999999971	-0.05282754963085075
0.007999999999999972	-0.05044597977044354
0.009374999999999974	-0.04806440991003634
0.010749999999999975	-0.04568284004962913
0.01212499999999997	-0.043301270189221926
0.01349999999999997	-0.04091970032881472
0.014874999999999972	-0.03853813046840751
0.016249999999999973	-0.0361565606080003
-0.014000000000000037	-0.09331423725777324
-0.012625000000000035	-0.09093266739736604
-0.011250000000000038	-0.08855109753695883
-0.009875000000000037	-0.08616952767655163
-0.008500000000000035	-0.08378795781614443
-0.007125000000000034	-0.08140638795573722
-0.005750000000000033	-0.07902481809533002
-0.004375000000000039	-0.0766432482349228
-0.0030000000000000374	-0.0742616783745156
-0.0016250000000000361	-0.07188010851410839
-0.0002500000000000349	-0.06949853865370119
0.0011249999999999663	-0.06711696879329399
0.0024999999999999675	-0.06473539893288677
0.0038749999999999687	-0.06235382907247957
0.00524999999999997	-0.05997225921207236
0.006624999999999964	-0.05759068935166516
0.007999999999999965	-0.05520911949125795
0.009374999999999967	-0.05282754963085074
0.010749999999999968	-0.050445979770443544
0.01212499999999997	-0.04806440991003633
0.013499999999999963	-0.04568284004962913
0.014874999999999965	-0.043301270189221926
0.016249999999999966	-0.040919700328814715
0.017624999999999967	-0.038538130468407504
-0.012625000000000035	-0.09569580711818046
-0.011250000000000034	-0.09331423725777326
-0.009875000000000037	-0.09093266739736605
-0.008500000000000035	-0.08855109753695883
-0.007125000000000034	-0.08616952767655164
-0.005750000000000033	-0.08378795781614443
-0.004375000000000032	-0.08140638795573722
-0.0030000000000000374	-0.07902481809533002
-0.0016250000000000361	-0.07664324823492281
-0.0002500000000000349	-0.07426167837451561
0.0011249999999999663	-0.07188010851410839
0.0024999999999999675	-0.06949853865370119
0.0038749999999999687	-0.06711696879329399
0.00524999999999997	-0.06473539893288678
0.006624999999999971	-0.06235382907247957
0.007999999999999965	-0.059972259212072374
0.009374999999999967	-0.05759068935166516
0.010749999999999968	-0.05520911949125795
0.01212499999999997	-0.052827549630850755
0.01349999999999997	-0.050445979770443544
0.014874999999999965	-0.04806440991003634
0.016249999999999966	-0.045682840049629136
0.017624999999999967	-0.043301270189221926
0.01899999999999997	-0.040919700328814715
-0.011250000000000038	-0.09807737697858765
-0.009875000000000037	-0.09569580711818046
-0.008500000000000039	-0.09331423725777324
-0.0071250000000000376	-0.09093266739736604
-0.005750000000000036	-0.08855109753695883
-0.004375000000000039	-0.08616952767655163
-0.0030000000000000374	-0.08378795781614443
-0.0016250000000000361	-0.08140638795573721
-0.0002500000000000349	-0.07902481809533
0.0011249999999999663	-0.0766432482349228
0.0024999999999999675	-0.0742616783745156
0.0038749999999999687	-0.07188010851410839
0.00524999999999997	-0.06949853865370118
0.006624999999999964	-0.06711696879329399
0.007999999999999965	-0.06473539893288677
0.00937499999999996	-0.06235382907247957
0.010749999999999961	-0.05997225921207236
0.012124999999999962	-0.05759068935166515
0.013499999999999963	-0.05520911949125795
0.014874999999999965	-0.05282754963085074
0.016249999999999966	-0.05044597977044354
0.017624999999999967	-0.04806440991003633
0.01899999999999997	-0.04568284004962912
0.02037499999999997	-0.04330127018922191
-0.009875000000000037	-0.10045894683899487
-0.008500000000000035	-0.09807737697858766
-0.0071250000000000376	-0.09569580711818046
-0.005750000000000036	-0.09331423725777324
-0.004375000000000039	-0.09093266739736605
-0.0030000000000000374	-0.08855109753695883
-0.0016250000000000361	-0.08616952767655163
-0.0002500000000000349	-0.08378795781614443
0.0011249999999999663	-0.08140638795573722
0.0024999999999999675	-0.07902481809533002
0.0038749999999999687	-0.0766432482349228
0.00524999999999997	-0.0742616783745156
0.006624999999999971	-0.07188010851410839
0.007999999999999965	-0.06949853865370119
0.009374999999999967	-0.06711696879329399
0.010749999999999961	-0.06473539893288678
0.012124999999999962	-0.06235382907247957
0.013499999999999963	-0.05997225921207236
0.014874999999999965	-0.05759068935166516
0.016249999999999966	-0.05520911949125795
0.017624999999999967	-0.05282754963085075
0.01899999999999997	-0.050445979770443544
0.02037499999999997	-0.04806440991003633
0.02174999999999997	-0.04568284004962912
-0.008500000000000035	-0.10284051669940208
-0.007125000000000034	-0.10045894683899487
-0.005750000000000036	-0.09807737697858766
-0.004375000000000032	-0.09569580711818046
-0.0030000000000000374	-0.09331423725777326
-0.0016250000000000361	-0.09093266739736605
-0.0002500000000000349	-0.08855109753695883
0.0011249999999999663	-0.08616952767655163
0.0024999999999999675	-0.08378795781614443
0.0038749999999999687	-0.08140638795573722
0.00524999999999997	-0.07902481809533002
0.006624999999999971	-0.07664324823492281
0.007999999999999972	-0.07426167837451561
0.009374999999999967	-0.07188010851410839
0.010749999999999968	-0.06949853865370119
0.012124999999999962	-0.06711696879329399
0.013499999999999963	-0.06473539893288678
0.014874999999999965	-0.06235382907247957
0.016249999999999966	-0.059972259212072374
0.017624999999999967	-0.05759068935166516
0.01899999999999997	-0.05520911949125796
0.02037499999999997	-0.052827549630850755
0.02174999999999997	-0.050445979770443544
0.023124999999999972	-0.04806440991003633
-0.007125000000000034	-0.10522208655980927
-0.005750000000000033	-0.10284051669940207
-0.004375000000000032	-0.10045894683899487
-0.0030000000000000304	-0.09807737697858765
-0.0016250000000000361	-0.09569580711818046
-0.0002500000000000349	-0.09331423725777324
0.0011249999999999663	-0.09093266739736604
0.0024999999999999675	-0.08855109753695883
0.0038749999999999687	-0.08616952767655163
0.00524999999999997	-0.08378795781614443
0.006624999999999971	-0.08140638795573721
0.007999999999999972	-0.07902481809533
0.009374999999999974	-0.0766432482349228
0.010749999999999968	-0.0742616783745156
0.01212499999999997	-0.07188010851410839
0.013499999999999963	-0.06949853865370119
0.014874999999999965	-0.06711696879329399
0.016249999999999966	-0.06473539893288677
0.017624999999999967	-0.06235382907247957
0.01899999999999997	-0.05997225921207236
0.02037499999999997	-0.057590689351665156
0.02174999999999997	-0.05520911949125795
0.023124999999999972	-0.05282754963085074
0.024499999999999973	-0.05044597977044353
-0.005750000000000033	-0.10760365642021649
-0.004375000000000032	-0.10522208655980927
-0.0030000000000000304	-0.10284051669940207
-0.0016250000000000292	-0.10045894683899487
-0.0002500000000000349	-0.09807737697858766
0.0011249999999999663	-0.09569580711818046
0.0024999999999999675	-0.09331423725777324
0.0038749999999999687	-0.09093266739736604
0.00524999999999997	-0.08855109753695883
0.006624999999999971	-0.08616952767655163
0.007999999999999972	-0.08378795781614443
0.009374999999999974	-0.08140638795573722
0.010749999999999975	-0.07902481809533002
0.01212499999999997	-0.0766432482349228
0.01349999999999997	-0.0742616783745156
0.014874999999999965	-0.07188010851410839
0.016249999999999966	-0.06949853865370119
0.017624999999999967	-0.06711696879329399
0.01899999999999997	-0.06473539893288678
0.02037499999999997	-0.06235382907247957
0.02174999999999997	-0.05997225921207237
0.023124999999999972	-0.05759068935166516
0.024499999999999973	-0.05520911949125795
0.025874999999999974	-0.05282754963085074
-0.004375000000000039	-0.10998522628062368
-0.0030000000000000374	-0.10760365642021649
-0.0016250000000000361	-0.10522208655980927
-0.0002500000000000349	-0.10284051669940207
0.0011249999999999594	-0.10045894683899487
0.0024999999999999606	-0.09807737697858765
0.003874999999999962	-0.09569580711818046
0.005249999999999963	-0.09331423725777324
0.006624999999999964	-0.09093266739736604
0.007999999999999965	-0.08855109753695883
0.00937499999999996	-0.08616952767655163
0.010749999999999961	-0.08378795781614443
0.012124999999999962	-0.08140638795573721
0.013499999999999963	-0.07902481809533002
0.014874999999999965	-0.0766432482349228
0.016249999999999966	-0.07426167837451561
0.017624999999999967	-0.07188010851410839
0.01899999999999997	-0.06949853865370118
0.02037499999999997	-0.06711696879329399
0.02174999999999997	-0.06473539893288677
0.023124999999999965	-0.06235382907247957
0.024499999999999966	-0.05997225921207237
0.025874999999999967	-0.057590689351665156
0.027249999999999962	-0.055209119491257945
-0.0030000000000000374	-0.1123667961410309
-0.0016250000000000361	-0.10998522628062368
-0.0002500000000000349	-0.10760365642021648
0.0011249999999999663	-0.10522208655980927
0.0024999999999999606	-0.10284051669940207
0.003874999999999962	-0.10045894683899487
0.005249999999999963	-0.09807737697858765
0.006624999999999964	-0.09569580711818046
0.007999999999999965	-0.09331423725777324
0.009374999999999967	-0.09093266739736604
0.010749999999999961	-0.08855109753695883
0.012124999999999962	-0.08616952767655163
0.013499999999999963	-0.08378795781614443
0.014874999999999965	-0.08140638795573721
0.016249999999999966	-0.07902481809533
0.017624999999999967	-0.0766432482349228
0.01899999999999997	-0.0742616783745156
0.02037499999999997	-0.07188010851410839
0.02174999999999997	-0.06949853865370119
0.023124999999999972	-0.06711696879329399
0.024499999999999966	-0.06473539893288677
0.025874999999999967	-0.06235382907247957
0.027249999999999962	-0.05997225921207236
0.028624999999999977	-0.05759068935166515
-0.0016250000000000361	-0.1147483660014381
-0.0002500000000000349	-0.1123667961410309
0.0011249999999999663	-0.10998522628062368
0.0024999999999999675	-0.10760365642021649
0.003874999999999962	-0.10522208655980927
0.005249999999999963	-0.10284051669940208
0.006624999999999964	-0.10045894683899487
0.007999999999999965	-0.09807737697858765
0.009374999999999967	-0.09569580711818046
0.010749999999999968	-0.09331423725777326
0.012124999999999962	-0.09093266739736605
0.013499999999999963	-0.08855109753695883
0.014874999999999965	-0.08616952767655163
0.016249999999999966	-0.08378795781614443
0.017624999999999967	-0.08140638795573721
0.01899999999999997	-0.07902481809533002
0.02037499999999997	-0.0766432482349228
0.02174999999999997	-0.0742616783745156
0.023124999999999972	-0.07188010851410839
0.024499999999999973	-0.06949853865370119
0.025874999999999967	-0.06711696879329399
0.027249999999999962	-0.06473539893288678
0.028624999999999977	-0.06235382907247957
0.029999999999999964	-0.05997225921207236
-0.0002500000000000349	-0.11712993586184531
0.0011249999999999663	-0.11474836600143812
0.0024999999999999675	-0.1123667961410309
0.0038749999999999687	-0.1099852262806237
0.005249999999999963	-0.10760365642021649
0.006624999999999964	-0.10522208655980927
0.007999999999999965	-0.10284051669940208
0.009374999999999967	-0.10045894683899487
0.010749999999999968	-0.09807737697858768
0.01212499999999997	-0.09569580711818046
0.013499999999999963	-0.09331423725777326
0.014874999999999965	-0.09093266739736605
0.016249999999999966	-0.08855109753695883
0.017624999999999967	-0.08616952767655164
0.01899999999999997	-0.08378795781614443
0.02037499999999997	-0.08140638795573724
0.02174999999999997	-0.07902481809533002
0.023124999999999972	-0.0766432482349228
0.024499999999999973	-0.07426167837451561
0.025874999999999974	-0.07188010851410839
0.027249999999999962	-0.0694985386537012
0.028624999999999977	-0.06711696879329399
0.029999999999999964	-0.06473539893288678
0.03137499999999998	-0.06235382907247957
-0.03806250000000004	-0.05878147428186876
-0.040812500000000036	-0.05878147428186876
-0.04356250000000004	-0.05878147428186876
-0.046312500000000034	-0.05878147428186876
-0.04906250000000004	-0.05878147428186876
-0.05181250000000004	-0.05878147428186876
-0.05456250000000004	-0.05878147428186876
-0.05731250000000004	-0.05878147428186876
-0.06006250000000003	-0.05878147428186876
-0.06281250000000003	-0.05878147428186876
-0.06556250000000004	-0.05878147428186876
-0.06831250000000004	-0.05878147428186876
-0.07106250000000004	-0.05878147428186876
-0.07381250000000003	-0.05878147428186876
-0.07656250000000003	-0.05878147428186876
-0.07931250000000004	-0.05878147428186876
-0.08206250000000004	-0.05878147428186876
-0.08481250000000004	-0.05878147428186876
-0.08756250000000004	-0.05878147428186876
-0.09031250000000005	-0.05878147428186875
-0.09306250000000003	-0.05878147428186875
-0.09581250000000004	-0.05878147428186875
-0.09856250000000003	-0.05878147428186875
-0.10131250000000003	-0.05878147428186875
-0.03668750000000004	-0.056399904421461554
-0.039437500000000035	-0.056399904421461554
-0.04218750000000004	-0.056399904421461554
-0.04493750000000004	-0.056399904421461554
-0.047687500000000035	-0.056399904421461554
-0.05043750000000004	-0.056399904421461554
-0.05318750000000004	-0.056399904421461554
-0.05593750000000004	-0.056399904421461554
-0.05868750000000004	-0.056399904421461554
-0.061437500000000034	-0.056399904421461554
-0.06418750000000004	-0.056399904421461554
-0.06693750000000004	-0.056399904421461554
-0.06968750000000004	-0.05639990442146155
-0.07243750000000004	-0.05639990442146155
-0.07518750000000005	-0.05639990442146155
-0.07793750000000003	-0.05639990442146155
-0.08068750000000004	-0.05639990442146155
-0.08343750000000004	-0.05639990442146155
-0.08618750000000003	-0.05639990442146155
-0.08893750000000003	-0.05639990442146155
-0.09168750000000003	-0.05639990442146155
-0.09443750000000004	-0.05639990442146155
-0.09718750000000004	-0.05639990442146155
-0.09993750000000004	-0.05639990442146155
-0.03531250000000004	-0.05401833456105435
-0.03806250000000004	-0.05401833456105435
-0.040812500000000036	-0.05401833456105435
-0.04356250000000004	-0.05401833456105434
-0.046312500000000034	-0.05401833456105434
-0.04906250000000004	-0.05401833456105434
-0.05181250000000004	-0.05401833456105434
-0.05456250000000004	-0.05401833456105434
-0.05731250000000004	-0.05401833456105434
-0.06006250000000003	-0.05401833456105434
-0.06281250000000003	-0.05401833456105434
-0.06556250000000004	-0.05401833456105434
-0.06831250000000004	-0.05401833456105434
-0.07106250000000003	-0.05401833456105434
-0.07381250000000003	-0.05401833456105434
-0.07656250000000003	-0.05401833456105434
-0.07931250000000004	-0.05401833456105434
-0.08206250000000004	-0.05401833456105434
-0.08481250000000004	-0.05401833456105434
-0.08756250000000004	-0.05401833456105434
-0.09031250000000003	-0.05401833456105434
-0.09306250000000003	-0.05401833456105434
-0.09581250000000004	-0.05401833456105434
-0.09856250000000003	-0.05401833456105434
-0.03393750000000004	-0.05163676470064714
-0.03668750000000004	-0.05163676470064714
-0.039437500000000035	-0.05163676470064714
-0.04218750000000004	-0.05163676470064714
-0.04493750000000003	-0.05163676470064714
-0.047687500000000035	-0.05163676470064714
-0.05043750000000004	-0.05163676470064714
-0.05318750000000004	-0.05163676470064714
-0.055937500000000036	-0.05163676470064714
-0.05868750000000003	-0.05163676470064714
-0.061437500000000034	-0.05163676470064714
-0.06418750000000004	-0.05163676470064714
-0.06693750000000004	-0.05163676470064714
-0.06968750000000004	-0.05163676470064714
-0.07243750000000004	-0.05163676470064714
-0.07518750000000003	-0.05163676470064714
-0.07793750000000003	-0.05163676470064714
-0.08068750000000004	-0.05163676470064714
-0.08343750000000003	-0.05163676470064714
-0.08618750000000003	-0.05163676470064714
-0.08893750000000003	-0.05163676470064714
-0.09168750000000003	-0.05163676470064714
-0.09443750000000004	-0.05163676470064714
-0.09718750000000004	-0.05163676470064714
-0.032562500000000036	-0.049255194840239935
-0.03531250000000004	-0.049255194840239935
-0.03806250000000004	-0.049255194840239935
-0.040812500000000036	-0.049255194840239935
-0.04356250000000004	-0.049255194840239935
-0.046312500000000034	-0.049255194840239935
-0.04906250000000004	-0.049255194840239935
-0.05181250000000004	-0.049255194840239935
-0.054562500000000035	-0.049255194840239935
-0.05731250000000004	-0.049255194840239935
-0.06006250000000003	-0.049255194840239935
-0.06281250000000003	-0.049255194840239935
-0.06556250000000004	-0.049255194840239935
-0.06831250000000003	-0.049255194840239935
-0.07106250000000003	-0.049255194840239935
-0.07381250000000003	-0.049255194840239935
-0.07656250000000003	-0.049255194840239935
-0.07931250000000004	-0.049255194840239935
-0.08206250000000004	-0.049255194840239935
-0.08481250000000004	-0.04925519484023993
-0.08756250000000003	-0.04925519484023993
-0.09031250000000003	-0.04925519484023993
-0.09306250000000003	-0.04925519484023993
-0.09581250000000004	-0.04925519484023993
-0.031187500000000038	-0.04687362497983273
-0.03393750000000004	-0.04687362497983273
-0.03668750000000004	-0.04687362497983273
-0.039437500000000035	-0.04687362497983273
-0.04218750000000004	-0.04687362497983273
-0.04493750000000003	-0.04687362497983273
-0.047687500000000035	-0.04687362497983273
-0.05043750000000004	-0.04687362497983273
-0.05318750000000004	-0.04687362497983273
-0.055937500000000036	-0.04687362497983273
-0.05868750000000003	-0.04687362497983273
-0.061437500000000034	-0.04687362497983273
-0.06418750000000004	-0.04687362497983273
-0.06693750000000004	-0.046873624979832725
-0.06968750000000004	-0.046873624979832725
-0.07243750000000003	-0.046873624979832725
-0.07518750000000003	-0.046873624979832725
-0.07793750000000003	-0.046873624979832725
-0.08068750000000002	-0.046873624979832725
-0.08343750000000003	-0.046873624979832725
-0.08618750000000003	-0.046873624979832725
-0.08893750000000003	-0.046873624979832725
-0.09168750000000003	-0.046873624979832725
-0.09443750000000004	-0.046873624979832725
-0.029812500000000037	-0.04449205511942553
-0.032562500000000036	-0.04449205511942553
-0.03531250000000004	-0.04449205511942553
-0.038062500000000034	-0.04449205511942553
-0.040812500000000036	-0.04449205511942553
-0.04356250000000003	-0.04449205511942553
-0.046312500000000034	-0.04449205511942552
-0.04906250000000004	-0.04449205511942552
-0.05181250000000004	-0.04449205511942552
-0.054562500000000035	-0.04449205511942552
-0.05731250000000003	-0.04449205511942552
-0.06006250000000003	-0.04449205511942552
-0.06281250000000003	-0.04449205511942552
-0.06556250000000004	-0.04449205511942552
-0.06831250000000003	-0.04449205511942552
-0.07106250000000003	-0.04449205511942552
-0.07381250000000003	-0.044492055119425514
-0.07656250000000003	-0.044492055119425514
-0.07931250000000004	-0.044492055119425514
-0.08206250000000004	-0.044492055119425514
-0.08481250000000003	-0.044492055119425514
-0.08756250000000003	-0.044492055119425514
-0.09031250000000003	-0.044492055119425514
-0.09306250000000003	-0.044492055119425514
-0.028437500000000036	-0.04211048525901832
-0.031187500000000035	-0.04211048525901832
-0.03393750000000004	-0.04211048525901832
-0.03668750000000004	-0.04211048525901832
-0.039437500000000035	-0.04211048525901832
-0.04218750000000004	-0.04211048525901832
-0.04493750000000003	-0.04211048525901831
-0.047687500000000035	-0.04211048525901831
-0.05043750000000004	-0.04211048525901831
-0.05318750000000003	-0.04211048525901831
-0.05593750000000003	-0.04211048525901831
-0.05868750000000003	-0.04211048525901831
-0.061437500000000034	-0.04211048525901831
-0.06418750000000004	-0.04211048525901831
-0.06693750000000004	-0.04211048525901831
-0.06968750000000004	-0.04211048525901831
-0.07243750000000004	-0.04211048525901831
-0.07518750000000005	-0.04211048525901831
-0.07793750000000003	-0.04211048525901831
-0.08068750000000004	-0.04211048525901831
-0.08343750000000003	-0.04211048525901831
-0.08618750000000003	-0.04211048525901831
-0.08893750000000003	-0.04211048525901831
-0.09168750000000003	-0.04211048525901831
-0.027062500000000038	-0.03972891539861111
-0.029812500000000037	-0.03972891539861111
-0.032562500000000036	-0.03972891539861111
-0.03531250000000004	-0.03972891539861111
-0.03806250000000004	-0.03972891539861111
-0.040812500000000036	-0.03972891539861111
-0.04356250000000004	-0.039728915398611106
-0.046312500000000034	-0.039728915398611106
-0.04906250000000004	-0.039728915398611106
-0.05181250000000004	-0.039728915398611106
-0.054562500000000035	-0.039728915398611106
-0.05731250000000004	-0.039728915398611106
-0.06006250000000004	-0.039728915398611106
-0.06281250000000003	-0.039728915398611106
-0.06556250000000004	-0.039728915398611106
-0.06831250000000003	-0.039728915398611106
-0.07106250000000003	-0.039728915398611106
-0.07381250000000003	-0.039728915398611106
-0.07656250000000003	-0.039728915398611106
-0.07931250000000004	-0.039728915398611106
-0.08206250000000004	-0.039728915398611106
-0.08481250000000004	-0.039728915398611106
-0.08756250000000004	-0.039728915398611106
-0.09031250000000005	-0.039728915398611106
-0.025687500000000037	-0.03734734553820391
-0.028437500000000036	-0.03734734553820391
-0.031187500000000035	-0.03734734553820391
-0.03393750000000004	-0.03734734553820391
-0.03668750000000004	-0.03734734553820391
-0.039437500000000035	-0.03734734553820391
-0.04218750000000004	-0.0373473455382039
-0.04493750000000003	-0.0373473455382039
-0.047687500000000035	-0.0373473455382039
-0.05043750000000004	-0.0373473455382039
-0.05318750000000003	-0.0373473455382039
-0.055937500000000036	-0.0373473455382039
-0.05868750000000004	-0.0373473455382039
-0.061437500000000034	-0.0373473455382039
-0.06418750000000004	-0.0373473455382039
-0.06693750000000004	-0.0373473455382039
-0.06968750000000004	-0.0373473455382039
-0.07243750000000004	-0.0373473455382039
-0.07518750000000003	-0.0373473455382039
-0.07793750000000003	-0.0373473455382039
-0.08068750000000002	-0.0373473455382039
-0.08343750000000003	-0.0373473455382039
-0.08618750000000003	-0.0373473455382039
-0.08893750000000003	-0.0373473455382039
-0.024312500000000035	-0.0349657756777967
-0.027062500000000034	-0.0349657756777967
-0.029812500000000033	-0.0349657756777967
-0.032562500000000036	-0.0349657756777967
-0.03531250000000004	-0.0349657756777967
-0.038062500000000034	-0.0349657756777967
-0.040812500000000036	-0.0349657756777967
-0.04356250000000003	-0.0349657756777967
-0.046312500000000034	-0.0349657756777967
-0.04906250000000004	-0.0349657756777967
-0.05181250000000003	-0.0349657756777967
-0.054562500000000035	-0.0349657756777967
-0.05731250000000004	-0.0349657756777967
-0.06006250000000003	-0.0349657756777967
-0.06281250000000003	-0.0349657756777967
-0.06556250000000002	-0.0349657756777967
-0.06831250000000003	-0.0349657756777967
-0.07106250000000003	-0.0349657756777967
-0.07381250000000003	-0.0349657756777967
-0.07656250000000003	-0.0349657756777967
-0.07931250000000004	-0.0349657756777967
-0.08206250000000004	-0.0349657756777967
-0.08481250000000004	-0.0349657756777967
-0.08756250000000004	-0.0349657756777967
-0.022937500000000034	-0.032584205817389494
-0.025687500000000033	-0.032584205817389494
-0.028437500000000032	-0.032584205817389494
-0.031187500000000035	-0.032584205817389494
-0.03393750000000004	-0.032584205817389494
-0.03668750000000003	-0.032584205817389494
-0.039437500000000035	-0.032584205817389494
-0.04218750000000003	-0.032584205817389494
-0.04493750000000003	-0.032584205817389494
-0.047687500000000035	-0.032584205817389494
-0.05043750000000003	-0.032584205817389494
-0.05318750000000003	-0.032584205817389494
-0.055937500000000036	-0.032584205817389494
-0.05868750000000003	-0.032584205817389494
-0.061437500000000034	-0.032584205817389494
-0.06418750000000004	-0.032584205817389494
-0.06693750000000004	-0.03258420581738949
-0.06968750000000004	-0.03258420581738949
-0.07243750000000003	-0.03258420581738949
-0.07518750000000003	-0.03258420581738949
-0.07793750000000002	-0.03258420581738949
-0.08068750000000002	-0.03258420581738949
-0.08343750000000003	-0.03258420581738949
-0.08618750000000003	-0.03258420581738949
-0.021562500000000033	-0.030202635956982284
-0.024312500000000032	-0.030202635956982284
-0.02706250000000003	-0.030202635956982284
-0.029812500000000033	-0.030202635956982284
-0.032562500000000036	-0.030202635956982284
-0.03531250000000003	-0.030202635956982284
-0.038062500000000034	-0.030202635956982284
-0.04081250000000003	-0.030202635956982284
-0.04356250000000003	-0.030202635956982284
-0.046312500000000034	-0.030202635956982284
-0.04906250000000003	-0.030202635956982284
-0.05181250000000003	-0.030202635956982277
-0.054562500000000035	-0.030202635956982277
-0.05731250000000003	-0.030202635956982277
-0.06006250000000003	-0.030202635956982277
-0.06281250000000002	-0.030202635956982277
-0.06556250000000002	-0.030202635956982277
-0.06831250000000003	-0.030202635956982277
-0.07106250000000003	-0.030202635956982277
-0.07381250000000003	-0.030202635956982277
-0.07656250000000003	-0.030202635956982277
-0.07931250000000004	-0.030202635956982277
-0.08206250000000004	-0.030202635956982277
-0.08481250000000004	-0.030202635956982277
-0.020187500000000035	-0.02782106609657508
-0.022937500000000034	-0.02782106609657508
-0.025687500000000037	-0.02782106609657508
-0.028437500000000036	-0.02782106609657508
-0.031187500000000035	-0.02782106609657508
-0.03393750000000004	-0.02782106609657508
-0.03668750000000004	-0.02782106609657508
-0.039437500000000035	-0.02782106609657508
-0.04218750000000003	-0.02782106609657508
-0.04493750000000003	-0.02782106609657508
-0.047687500000000035	-0.02782106609657508
-0.05043750000000004	-0.027821066096575073
-0.05318750000000004	-0.027821066096575073
-0.05593750000000003	-0.027821066096575073
-0.05868750000000003	-0.027821066096575073
-0.061437500000000034	-0.027821066096575073
-0.06418750000000004	-0.027821066096575073
-0.06693750000000004	-0.027821066096575073
-0.06968750000000004	-0.027821066096575073
-0.07243750000000004	-0.027821066096575073
-0.07518750000000002	-0.027821066096575073
-0.07793750000000002	-0.027821066096575073
-0.08068750000000002	-0.027821066096575073
-0.08343750000000003	-0.027821066096575073
-0.018812500000000034	-0.02543949623616787
-0.021562500000000033	-0.02543949623616787
-0.024312500000000035	-0.02543949623616787
-0.027062500000000034	-0.02543949623616787
-0.029812500000000033	-0.02543949623616787
-0.032562500000000036	-0.02543949623616787
-0.03531250000000004	-0.02543949623616787
-0.038062500000000034	-0.02543949623616787
-0.04081250000000003	-0.02543949623616787
-0.04356250000000003	-0.02543949623616787
-0.046312500000000034	-0.02543949623616787
-0.04906250000000004	-0.025439496236167862
-0.05181250000000004	-0.025439496236167862
-0.05456250000000003	-0.025439496236167862
-0.05731250000000003	-0.025439496236167862
-0.06006250000000003	-0.025439496236167862
-0.06281250000000003	-0.025439496236167862
-0.06556250000000004	-0.025439496236167862
-0.06831250000000003	-0.025439496236167862
-0.07106250000000003	-0.025439496236167862
-0.07381250000000003	-0.025439496236167862
-0.07656250000000003	-0.025439496236167862
-0.07931250000000004	-0.025439496236167862
-0.08206250000000004	-0.025439496236167862
-0.017437500000000036	-0.023057926375760672
-0.020187500000000035	-0.023057926375760672
-0.022937500000000034	-0.023057926375760672
-0.025687500000000037	-0.023057926375760672
-0.028437500000000036	-0.023057926375760672
-0.031187500000000035	-0.023057926375760672
-0.03393750000000004	-0.023057926375760672
-0.03668750000000004	-0.023057926375760672
-0.039437500000000035	-0.023057926375760672
-0.04218750000000003	-0.023057926375760672
-0.04493750000000003	-0.023057926375760672
-0.047687500000000035	-0.023057926375760665
-0.05043750000000004	-0.023057926375760665
-0.05318750000000003	-0.023057926375760665
-0.055937500000000036	-0.023057926375760665
-0.05868750000000003	-0.023057926375760665
-0.061437500000000034	-0.023057926375760665
-0.06418750000000004	-0.023057926375760665
-0.06693750000000004	-0.023057926375760665
-0.06968750000000004	-0.023057926375760665
-0.07243750000000003	-0.023057926375760665
-0.07518750000000003	-0.023057926375760665
-0.07793750000000003	-0.023057926375760665
-0.08068750000000004	-0.023057926375760665
-0.016062500000000035	-0.02067635651535346
-0.018812500000000034	-0.02067635651535346
-0.021562500000000033	-0.02067635651535346
-0.024312500000000035	-0.02067635651535346
-0.027062500000000034	-0.02067635651535346
-0.029812500000000033	-0.02067635651535346
-0.032562500000000036	-0.02067635651535346
-0.03531250000000004	-0.02067635651535346
-0.038062500000000034	-0.02067635651535346
-0.04081250000000003	-0.02067635651535346
-0.04356250000000003	-0.02067635651535346
-0.046312500000000034	-0.020676356515353454
-0.04906250000000004	-0.020676356515353454
-0.05181250000000003	-0.020676356515353454
-0.054562500000000035	-0.020676356515353454
-0.05731250000000003	-0.020676356515353454
-0.06006250000000003	-0.020676356515353454
-0.06281250000000003	-0.020676356515353454
-0.06556250000000002	-0.020676356515353454
-0.06831250000000003	-0.020676356515353454
-0.07106250000000003	-0.020676356515353454
-0.07381250000000003	-0.020676356515353454
-0.07656250000000003	-0.020676356515353454
-0.07931250000000004	-0.020676356515353454
-0.014687500000000034	-0.01829478665494625
-0.017437500000000033	-0.01829478665494625
-0.020187500000000032	-0.01829478665494625
-0.022937500000000034	-0.01829478665494625
-0.025687500000000033	-0.01829478665494625
-0.028437500000000032	-0.01829478665494625
-0.031187500000000035	-0.01829478665494625
-0.03393750000000004	-0.01829478665494625
-0.03668750000000003	-0.01829478665494625
-0.03943750000000003	-0.01829478665494625
-0.04218750000000003	-0.01829478665494625
-0.04493750000000003	-0.018294786654946243
-0.047687500000000035	-0.018294786654946243
-0.05043750000000003	-0.018294786654946243
-0.05318750000000003	-0.018294786654946243
-0.05593750000000003	-0.018294786654946243
-0.05868750000000003	-0.018294786654946243
-0.061437500000000034	-0.018294786654946243
-0.06418750000000004	-0.018294786654946243
-0.06693750000000004	-0.018294786654946243
-0.06968750000000003	-0.018294786654946243
-0.07243750000000003	-0.018294786654946243
-0.07518750000000003	-0.018294786654946243
-0.07793750000000003	-0.018294786654946243
-0.013312500000000033	-0.015913216794539053
-0.01606250000000003	-0.015913216794539053
-0.01881250000000003	-0.015913216794539053
-0.021562500000000033	-0.015913216794539053
-0.024312500000000032	-0.015913216794539053
-0.02706250000000003	-0.015913216794539053
-0.029812500000000033	-0.015913216794539053
-0.032562500000000036	-0.015913216794539053
-0.03531250000000003	-0.015913216794539053
-0.03806250000000003	-0.015913216794539053
-0.04081250000000003	-0.015913216794539053
-0.04356250000000003	-0.015913216794539047
-0.046312500000000034	-0.015913216794539047
-0.04906250000000003	-0.015913216794539047
-0.05181250000000003	-0.015913216794539047
-0.05456250000000003	-0.015913216794539047
-0.05731250000000003	-0.015913216794539047
-0.06006250000000003	-0.015913216794539047
-0.06281250000000002	-0.015913216794539047
-0.06556250000000002	-0.015913216794539047
-0.06831250000000003	-0.015913216794539047
-0.07106250000000003	-0.015913216794539047
-0.07381250000000003	-0.015913216794539047
-0.07656250000000003	-0.015913216794539047
-0.011937500000000031	-0.013531646934131843
-0.01468750000000003	-0.013531646934131843
-0.01743750000000003	-0.013531646934131843
-0.020187500000000032	-0.013531646934131843
-0.02293750000000003	-0.013531646934131843
-0.02568750000000003	-0.013531646934131843
-0.028437500000000032	-0.013531646934131843
-0.03118750000000003	-0.013531646934131843
-0.03393750000000003	-0.013531646934131843
-0.036687500000000026	-0.013531646934131843
-0.03943750000000003	-0.013531646934131843
-0.04218750000000003	-0.013531646934131836
-0.04493750000000003	-0.013531646934131836
-0.04768750000000003	-0.013531646934131836
-0.05043750000000003	-0.013531646934131836
-0.053187500000000026	-0.013531646934131836
-0.05593750000000003	-0.013531646934131836
-0.05868750000000003	-0.013531646934131836
-0.06143750000000003	-0.013531646934131836
-0.06418750000000004	-0.013531646934131836
-0.06693750000000002	-0.013531646934131836
-0.06968750000000003	-0.013531646934131836
-0.07243750000000003	-0.013531646934131836
-0.07518750000000003	-0.013531646934131836
-0.010562500000000034	-0.011150077073724639
-0.013312500000000033	-0.011150077073724639
-0.016062500000000035	-0.011150077073724639
-0.018812500000000034	-0.011150077073724639
-0.021562500000000033	-0.011150077073724639
-0.024312500000000032	-0.011150077073724639
-0.027062500000000034	-0.011150077073724639
-0.029812500000000033	-0.011150077073724639
-0.032562500000000036	-0.011150077073724639
-0.03531250000000003	-0.011150077073724639
-0.03806250000000003	-0.011150077073724639
-0.04081250000000003	-0.011150077073724632
-0.04356250000000003	-0.011150077073724632
-0.046312500000000034	-0.011150077073724632
-0.04906250000000004	-0.011150077073724632
-0.051812500000000025	-0.011150077073724632
-0.05456250000000003	-0.011150077073724632
-0.05731250000000003	-0.011150077073724632
-0.06006250000000003	-0.011150077073724632
-0.06281250000000003	-0.011150077073724632
-0.06556250000000002	-0.011150077073724632
-0.06831250000000003	-0.011150077073724632
-0.07106250000000003	-0.011150077073724632
-0.07381250000000003	-0.011150077073724632
-0.009187500000000032	-0.008768507213317435
-0.011937500000000031	-0.008768507213317435
-0.014687500000000034	-0.008768507213317435
-0.017437500000000033	-0.008768507213317435
-0.020187500000000032	-0.008768507213317435
-0.02293750000000003	-0.008768507213317435
-0.025687500000000033	-0.008768507213317435
-0.028437500000000032	-0.008768507213317435
-0.03118750000000003	-0.008768507213317435
-0.03393750000000003	-0.008768507213317435
-0.036687500000000026	-0.008768507213317435
-0.03943750000000003	-0.008768507213317428
-0.04218750000000003	-0.008768507213317428
-0.04493750000000003	-0.008768507213317428
-0.047687500000000035	-0.008768507213317428
-0.050437500000000024	-0.008768507213317428
-0.053187500000000026	-0.008768507213317428
-0.05593750000000003	-0.008768507213317428
-0.05868750000000003	-0.008768507213317428
-0.061437500000000034	-0.008768507213317428
-0.06418750000000002	-0.008768507213317428
-0.06693750000000002	-0.008768507213317428
-0.06968750000000004	-0.008768507213317428
-0.07243750000000004	-0.008768507213317428
-0.007812500000000031	-0.006386937352910224
-0.01056250000000003	-0.006386937352910224
-0.013312500000000033	-0.006386937352910224
-0.01606250000000003	-0.006386937352910224
-0.01881250000000003	-0.006386937352910224
-0.02156250000000003	-0.006386937352910224
-0.024312500000000032	-0.006386937352910224
-0.02706250000000003	-0.006386937352910224
-0.02981250000000003	-0.006386937352910224
-0.03256250000000003	-0.006386937352910224
-0.035312500000000024	-0.006386937352910224
-0.03806250000000003	-0.006386937352910217
-0.04081250000000003	-0.006386937352910217
-0.04356250000000003	-0.006386937352910217
-0.046312500000000034	-0.006386937352910217
-0.04906250000000002	-0.006386937352910217
-0.051812500000000025	-0.006386937352910217
-0.05456250000000003	-0.006386937352910217
-0.05731250000000003	-0.006386937352910217
-0.06006250000000003	-0.006386937352910217
-0.06281250000000002	-0.006386937352910217
-0.06556250000000002	-0.006386937352910217
-0.06831250000000003	-0.006386937352910217
-0.07106250000000003	-0.006386937352910217
-0.00643750000000003	-0.004005367492503013
-0.009187500000000029	-0.004005367492503013
-0.011937500000000031	-0.004005367492503013
-0.01468750000000003	-0.004005367492503013
-0.01743750000000003	-0.004005367492503013
-0.02018750000000003	-0.004005367492503013
-0.02293750000000003	-0.004005367492503013
-0.02568750000000003	-0.004005367492503013
-0.02843750000000003	-0.004005367492503013
-0.031187500000000028	-0.004005367492503013
-0.03393750000000002	-0.004005367492503013
-0.036687500000000026	-0.004005367492503006
-0.03943750000000003	-0.004005367492503006
-0.04218750000000003	-0.004005367492503006
-0.04493750000000003	-0.004005367492503006
-0.04768750000000002	-0.004005367492503006
-0.050437500000000024	-0.004005367492503006
-0.053187500000000026	-0.004005367492503006
-0.05593750000000003	-0.004005367492503006
-0.05868750000000003	-0.004005367492503006
-0.06143750000000002	-0.004005367492503006
-0.06418750000000002	-0.004005367492503006
-0.06693750000000002	-0.004005367492503006
-0.06968750000000004	-0.004005367492503006
-0.03806250000000004	-0.06592618386309038
-0.03668750000000004	-0.06830775372349758
-0.035312500000000045	-0.0706893235839048
-0.033937500000000044	-0.073070893444312
-0.03256250000000005	-0.0754524633047192
-0.031187500000000052	-0.07783403316512641
-0.02981250000000005	-0.08021560302553363
-0.028437500000000053	-0.08259717288594083
-0.027062500000000055	-0.08497874274634803
-0.025687500000000058	-0.08736031260675524
-0.024312500000000063	-0.08974188246716244
-0.022937500000000062	-0.09212345232756966
-0.02156250000000006	-0.09450502218797686
-0.020187500000000067	-0.09688659204838407
-0.018812500000000065	-0.09926816190879129
-0.01743750000000007	-0.10164973176919848
-0.01606250000000007	-0.1040313016296057
-0.014687500000000072	-0.10641287149001291
-0.013312500000000078	-0.1087944413504201
-0.011937500000000077	-0.11117601121082732
-0.010562500000000082	-0.11355758107123451
-0.009187500000000081	-0.11593915093164173
-0.007812500000000083	-0.11832072079204894
-0.006437500000000082	-0.12070229065245615
-0.04081250000000004	-0.06592618386309038
-0.03943750000000004	-0.06830775372349758
-0.03806250000000004	-0.0706893235839048
-0.036687500000000046	-0.073070893444312
-0.035312500000000045	-0.0754524633047192
-0.03393750000000005	-0.07783403316512641
-0.03256250000000005	-0.08021560302553363
-0.031187500000000052	-0.08259717288594083
-0.029812500000000054	-0.08497874274634803
-0.02843750000000006	-0.08736031260675524
-0.027062500000000062	-0.08974188246716244
-0.02568750000000006	-0.09212345232756966
-0.02431250000000006	-0.09450502218797686
-0.022937500000000065	-0.09688659204838407
-0.021562500000000064	-0.09926816190879129
-0.02018750000000007	-0.10164973176919848
-0.01881250000000007	-0.1040313016296057
-0.01743750000000007	-0.10641287149001291
-0.016062500000000077	-0.1087944413504201
-0.014687500000000075	-0.11117601121082732
-0.013312500000000081	-0.11355758107123451
-0.01193750000000008	-0.11593915093164173
-0.010562500000000082	-0.11832072079204894
-0.009187500000000081	-0.12070229065245615
-0.04356250000000004	-0.06592618386309038
-0.042187500000000044	-0.06830775372349758
-0.04081250000000004	-0.0706893235839048
-0.03943750000000004	-0.073070893444312
-0.03806250000000005	-0.0754524633047192
-0.03668750000000005	-0.07783403316512641
-0.03531250000000005	-0.08021560302553363
-0.03393750000000005	-0.08259717288594083
-0.03256250000000006	-0.08497874274634803
-0.03118750000000006	-0.08736031260675524
-0.02981250000000006	-0.08974188246716244
-0.02843750000000006	-0.09212345232756966
-0.02706250000000006	-0.09450502218797686
-0.025687500000000064	-0.09688659204838407
-0.024312500000000063	-0.09926816190879129
-0.02293750000000007	-0.10164973176919848
-0.021562500000000068	-0.1040313016296057
-0.020187500000000073	-0.10641287149001291
-0.01881250000000008	-0.1087944413504201
-0.017437500000000078	-0.11117601121082732
-0.016062500000000084	-0.11355758107123451
-0.014687500000000082	-0.11593915093164173
-0.013312500000000081	-0.11832072079204894
-0.01193750000000008	-0.12070229065245615
-0.04631250000000004	-0.06592618386309038
-0.04493750000000005	-0.06830775372349758
-0.043562500000000046	-0.0706893235839048
-0.042187500000000044	-0.073070893444312
-0.04081250000000005	-0.0754524633047192
-0.03943750000000005	-0.07783403316512641
-0.038062500000000055	-0.08021560302553363
-0.03668750000000005	-0.08259717288594083
-0.03531250000000005	-0.08497874274634803
-0.03393750000000006	-0.08736031260675524
-0.032562500000000064	-0.08974188246716244
-0.031187500000000062	-0.09212345232756966
-0.02981250000000006	-0.09450502218797686
-0.028437500000000067	-0.09688659204838407
-0.027062500000000066	-0.09926816190879129
-0.02568750000000007	-0.10164973176919848
-0.02431250000000007	-0.1040313016296057
-0.022937500000000072	-0.10641287149001291
-0.021562500000000078	-0.1087944413504201
-0.020187500000000077	-0.11117601121082732
-0.018812500000000083	-0.11355758107123451
-0.01743750000000008	-0.11593915093164173
-0.016062500000000084	-0.11832072079204894
-0.014687500000000082	-0.12070229065245615
-0.04906250000000004	-0.06592618386309038
-0.04768750000000004	-0.06830775372349758
-0.04631250000000005	-0.0706893235839048
-0.04493750000000005	-0.073070893444312
-0.043562500000000046	-0.0754524633047192
-0.04218750000000005	-0.07783403316512641
-0.04081250000000005	-0.08021560302553363
-0.039437500000000056	-0.08259717288594083
-0.038062500000000055	-0.08497874274634803
-0.03668750000000006	-0.08736031260675524
-0.03531250000000006	-0.08974188246716244
-0.033937500000000065	-0.09212345232756966
-0.032562500000000064	-0.09450502218797686
-0.031187500000000066	-0.09688659204838407
-0.029812500000000065	-0.09926816190879129
-0.02843750000000007	-0.10164973176919848
-0.02706250000000007	-0.1040313016296057
-0.02568750000000007	-0.10641287149001291
-0.024312500000000077	-0.1087944413504201
-0.022937500000000076	-0.11117601121082732
-0.02156250000000008	-0.11355758107123451
-0.02018750000000008	-0.11593915093164173
-0.018812500000000083	-0.11832072079204894
-0.01743750000000008	-0.12070229065245615
-0.05181250000000004	-0.06592618386309038
-0.05043750000000004	-0.06830775372349758
-0.049062500000000044	-0.07068932358390478
-0.04768750000000004	-0.073070893444312
-0.04631250000000005	-0.0754524633047192
-0.04493750000000005	-0.07783403316512641
-0.043562500000000046	-0.08021560302553363
-0.04218750000000005	-0.08259717288594083
-0.04081250000000006	-0.08497874274634803
-0.039437500000000056	-0.08736031260675524
-0.03806250000000006	-0.08974188246716244
-0.03668750000000006	-0.09212345232756966
-0.03531250000000006	-0.09450502218797686
-0.033937500000000065	-0.09688659204838407
-0.032562500000000064	-0.09926816190879129
-0.03118750000000007	-0.10164973176919848
-0.029812500000000068	-0.1040313016296057
-0.02843750000000007	-0.10641287149001291
-0.027062500000000076	-0.1087944413504201
-0.025687500000000075	-0.11117601121082732
-0.02431250000000008	-0.11355758107123451
-0.02293750000000008	-0.11593915093164173
-0.02156250000000008	-0.11832072079204894
-0.02018750000000008	-0.12070229065245615
-0.05456250000000004	-0.06592618386309038
-0.05318750000000004	-0.06830775372349758
-0.051812500000000046	-0.07068932358390478
-0.050437500000000045	-0.073070893444312
-0.04906250000000005	-0.0754524633047192
-0.04768750000000005	-0.07783403316512641
-0.04631250000000005	-0.08021560302553363
-0.044937500000000054	-0.08259717288594083
-0.04356250000000006	-0.08497874274634803
-0.04218750000000006	-0.08736031260675524
-0.040812500000000064	-0.08974188246716244
-0.03943750000000006	-0.09212345232756966
-0.03806250000000006	-0.09450502218797686
-0.03668750000000007	-0.09688659204838407
-0.035312500000000066	-0.09926816190879129
-0.03393750000000007	-0.10164973176919848
-0.03256250000000007	-0.1040313016296057
-0.031187500000000073	-0.10641287149001291
-0.02981250000000008	-0.1087944413504201
-0.028437500000000077	-0.11117601121082732
-0.027062500000000083	-0.11355758107123451
-0.025687500000000082	-0.11593915093164173
-0.024312500000000084	-0.11832072079204894
-0.022937500000000083	-0.12070229065245615
-0.057312500000000044	-0.06592618386309038
-0.05593750000000004	-0.06830775372349758
-0.05456250000000004	-0.07068932358390478
-0.05318750000000005	-0.073070893444312
-0.051812500000000046	-0.0754524633047192
-0.05043750000000005	-0.07783403316512641
-0.04906250000000005	-0.08021560302553363
-0.04768750000000005	-0.08259717288594083
-0.046312500000000055	-0.08497874274634803
-0.04493750000000006	-0.08736031260675524
-0.04356250000000006	-0.08974188246716244
-0.04218750000000006	-0.09212345232756966
-0.04081250000000006	-0.09450502218797686
-0.03943750000000007	-0.09688659204838407
-0.03806250000000007	-0.09926816190879129
-0.03668750000000007	-0.10164973176919848
-0.035312500000000066	-0.1040313016296057
-0.03393750000000007	-0.10641287149001291
-0.03256250000000008	-0.1087944413504201
-0.031187500000000076	-0.11117601121082732
-0.029812500000000082	-0.11355758107123451
-0.02843750000000008	-0.11593915093164173
-0.027062500000000083	-0.11832072079204894
-0.025687500000000082	-0.12070229065245615
-0.06006250000000004	-0.06592618386309038
-0.058687500000000045	-0.06830775372349758
-0.057312500000000044	-0.07068932358390478
-0.05593750000000004	-0.073070893444312
-0.05456250000000005	-0.0754524633047192
-0.053187500000000054	-0.07783403316512641
-0.05181250000000005	-0.08021560302553363
-0.05043750000000005	-0.08259717288594083
-0.04906250000000005	-0.08497874274634803
-0.047687500000000056	-0.08736031260675524
-0.04631250000000006	-0.08974188246716244
-0.04493750000000006	-0.09212345232756966
-0.04356250000000006	-0.09450502218797686
-0.042187500000000065	-0.09688659204838407
-0.040812500000000064	-0.09926816190879129
-0.03943750000000007	-0.10164973176919848
-0.03806250000000007	-0.1040313016296057
-0.03668750000000007	-0.10641287149001291
-0.03531250000000008	-0.1087944413504201
-0.03393750000000008	-0.11117601121082732
-0.03256250000000008	-0.11355758107123451
-0.03118750000000008	-0.11593915093164173
-0.029812500000000082	-0.11832072079204894
-0.02843750000000008	-0.12070229065245615
-0.06281250000000003	-0.06592618386309038
-0.06143750000000004	-0.06830775372349758
-0.060062500000000046	-0.07068932358390478
-0.058687500000000045	-0.073070893444312
-0.057312500000000044	-0.0754524633047192
-0.05593750000000005	-0.07783403316512641
-0.05456250000000005	-0.08021560302553363
-0.053187500000000054	-0.08259717288594083
-0.05181250000000005	-0.08497874274634803
-0.05043750000000006	-0.08736031260675524
-0.04906250000000006	-0.08974188246716244
-0.04768750000000006	-0.09212345232756966
-0.04631250000000006	-0.09450502218797686
-0.04493750000000006	-0.09688659204838407
-0.04356250000000006	-0.09926816190879129
-0.04218750000000007	-0.10164973176919848
-0.04081250000000007	-0.1040313016296057
-0.03943750000000007	-0.10641287149001291
-0.038062500000000075	-0.1087944413504201
-0.036687500000000074	-0.11117601121082732
-0.03531250000000008	-0.11355758107123451
-0.03393750000000008	-0.11593915093164173
-0.03256250000000008	-0.11832072079204894
-0.03118750000000008	-0.12070229065245615
-0.06556250000000004	-0.06592618386309038
-0.06418750000000004	-0.06830775372349758
-0.06281250000000005	-0.07068932358390478
-0.06143750000000004	-0.073070893444312
-0.060062500000000046	-0.0754524633047192
-0.058687500000000045	-0.07783403316512641
-0.057312500000000044	-0.08021560302553363
-0.05593750000000005	-0.08259717288594083
-0.054562500000000055	-0.08497874274634803
-0.053187500000000054	-0.08736031260675524
-0.05181250000000006	-0.08974188246716244
-0.05043750000000006	-0.09212345232756966
-0.04906250000000006	-0.09450502218797686
-0.04768750000000006	-0.09688659204838407
-0.04631250000000006	-0.09926816190879129
-0.04493750000000007	-0.10164973176919848
-0.043562500000000066	-0.1040313016296057
-0.04218750000000007	-0.10641287149001291
-0.04081250000000007	-0.1087944413504201
-0.03943750000000007	-0.11117601121082732
-0.03806250000000008	-0.11355758107123451
-0.03668750000000008	-0.11593915093164173
-0.03531250000000008	-0.11832072079204894
-0.03393750000000008	-0.12070229065245615
-0.06831250000000004	-0.06592618386309038
-0.06693750000000004	-0.06830775372349758
-0.06556250000000005	-0.07068932358390478
-0.06418750000000004	-0.073070893444312
-0.06281250000000005	-0.0754524633047192
-0.06143750000000005	-0.07783403316512641
-0.060062500000000046	-0.08021560302553363
-0.05868750000000005	-0.08259717288594083
-0.05731250000000006	-0.08497874274634803
-0.05593750000000006	-0.08736031260675524
-0.05456250000000006	-0.08974188246716244
-0.05318750000000006	-0.09212345232756966
-0.05181250000000006	-0.09450502218797686
-0.050437500000000066	-0.09688659204838407
-0.049062500000000064	-0.09926816190879129
-0.04768750000000007	-0.10164973176919848
-0.04631250000000007	-0.1040313016296057
-0.044937500000000075	-0.10641287149001291
-0.04356250000000007	-0.1087944413504201
-0.04218750000000007	-0.11117601121082732
-0.040812500000000085	-0.11355758107123451
-0.039437500000000084	-0.11593915093164173
-0.03806250000000008	-0.11832072079204894
-0.03668750000000008	-0.12070229065245615
-0.07106250000000004	-0.06592618386309038
-0.06968750000000004	-0.06830775372349758
-0.06831250000000005	-0.07068932358390478
-0.06693750000000004	-0.073070893444312
-0.06556250000000005	-0.0754524633047192
-0.06418750000000005	-0.07783403316512641
-0.06281250000000005	-0.08021560302553363
-0.061437500000000055	-0.08259717288594083
-0.06006250000000006	-0.08497874274634803
-0.05868750000000006	-0.08736031260675524
-0.057312500000000065	-0.08974188246716244
-0.055937500000000064	-0.09212345232756966
-0.05456250000000006	-0.09450502218797686
-0.05318750000000007	-0.09688659204838407
-0.05181250000000007	-0.09926816190879129
-0.05043750000000007	-0.10164973176919848
-0.04906250000000007	-0.1040313016296057
-0.04768750000000008	-0.10641287149001291
-0.046312500000000076	-0.1087944413504201
-0.044937500000000075	-0.11117601121082732
-0.04356250000000009	-0.11355758107123451
-0.042187500000000086	-0.11593915093164173
-0.040812500000000085	-0.11832072079204894
-0.039437500000000084	-0.12070229065245615
-0.07381250000000003	-0.06592618386309038
-0.07243750000000004	-0.06830775372349758
-0.07106250000000004	-0.07068932358390478
-0.06968750000000004	-0.073070893444312
-0.06831250000000005	-0.0754524633047192
-0.06693750000000005	-0.07783403316512641
-0.06556250000000005	-0.08021560302553363
-0.06418750000000005	-0.08259717288594082
-0.06281250000000005	-0.08497874274634803
-0.061437500000000055	-0.08736031260675524
-0.06006250000000006	-0.08974188246716244
-0.05868750000000006	-0.09212345232756966
-0.05731250000000006	-0.09450502218797686
-0.055937500000000064	-0.09688659204838407
-0.05456250000000006	-0.09926816190879129
-0.05318750000000007	-0.10164973176919848
-0.05181250000000007	-0.1040313016296057
-0.050437500000000066	-0.10641287149001291
-0.04906250000000008	-0.1087944413504201
-0.04768750000000008	-0.11117601121082732
-0.046312500000000076	-0.11355758107123451
-0.044937500000000075	-0.11593915093164173
-0.04356250000000008	-0.11832072079204894
-0.04218750000000008	-0.12070229065245615
-0.07656250000000003	-0.06592618386309038
-0.07518750000000005	-0.06830775372349758
-0.07381250000000004	-0.07068932358390478
-0.07243750000000004	-0.073070893444312
-0.07106250000000006	-0.0754524633047192
-0.06968750000000004	-0.07783403316512641
-0.06831250000000005	-0.08021560302553361
-0.06693750000000005	-0.08259717288594082
-0.06556250000000005	-0.08497874274634803
-0.06418750000000006	-0.08736031260675524
-0.06281250000000006	-0.08974188246716244
-0.06143750000000006	-0.09212345232756966
-0.06006250000000006	-0.09450502218797686
-0.058687500000000066	-0.09688659204838407
-0.057312500000000065	-0.09926816190879129
-0.05593750000000007	-0.10164973176919848
-0.05456250000000007	-0.1040313016296057
-0.05318750000000007	-0.10641287149001291
-0.05181250000000008	-0.1087944413504201
-0.05043750000000008	-0.11117601121082732
-0.04906250000000008	-0.11355758107123451
-0.04768750000000008	-0.11593915093164173
-0.04631250000000008	-0.11832072079204894
-0.04493750000000008	-0.12070229065245615
-0.07931250000000004	-0.06592618386309038
-0.07793750000000003	-0.06830775372349758
-0.07656250000000003	-0.07068932358390478
-0.07518750000000005	-0.073070893444312
-0.07381250000000004	-0.0754524633047192
-0.07243750000000004	-0.07783403316512641
-0.07106250000000006	-0.08021560302553361
-0.06968750000000004	-0.08259717288594082
-0.06831250000000005	-0.08497874274634803
-0.06693750000000005	-0.08736031260675524
-0.06556250000000005	-0.08974188246716244
-0.06418750000000006	-0.09212345232756966
-0.06281250000000005	-0.09450502218797686
-0.06143750000000006	-0.09688659204838407
-0.06006250000000006	-0.09926816190879129
-0.058687500000000066	-0.10164973176919848
-0.057312500000000065	-0.1040313016296057
-0.05593750000000007	-0.10641287149001291
-0.05456250000000007	-0.1087944413504201
-0.05318750000000007	-0.11117601121082732
-0.05181250000000008	-0.11355758107123451
-0.05043750000000008	-0.11593915093164173
-0.04906250000000008	-0.11832072079204894
-0.04768750000000008	-0.12070229065245615
-0.08206250000000004	-0.06592618386309038
-0.08068750000000004	-0.06830775372349758
-0.07931250000000004	-0.07068932358390478
-0.07793750000000005	-0.073070893444312
-0.07656250000000005	-0.0754524633047192
-0.07518750000000005	-0.07783403316512641
-0.07381250000000006	-0.08021560302553361
-0.07243750000000004	-0.08259717288594082
-0.07106250000000006	-0.08497874274634803
-0.06968750000000005	-0.08736031260675524
-0.06831250000000005	-0.08974188246716244
-0.06693750000000007	-0.09212345232756966
-0.06556250000000005	-0.09450502218797686
-0.06418750000000006	-0.09688659204838407
-0.06281250000000006	-0.09926816190879129
-0.06143750000000007	-0.10164973176919848
-0.06006250000000007	-0.1040313016296057
-0.05868750000000007	-0.10641287149001291
-0.05731250000000007	-0.1087944413504201
-0.05593750000000007	-0.11117601121082732
-0.05456250000000008	-0.11355758107123451
-0.05318750000000008	-0.11593915093164173
-0.05181250000000008	-0.11832072079204894
-0.05043750000000008	-0.12070229065245615
-0.08481250000000004	-0.06592618386309038
-0.08343750000000004	-0.06830775372349758
-0.08206250000000004	-0.07068932358390478
-0.08068750000000005	-0.073070893444312
-0.07931250000000005	-0.0754524633047192
-0.07793750000000005	-0.07783403316512641
-0.07656250000000006	-0.08021560302553361
-0.07518750000000005	-0.08259717288594082
-0.07381250000000006	-0.08497874274634803
-0.07243750000000006	-0.08736031260675524
-0.07106250000000006	-0.08974188246716244
-0.06968750000000007	-0.09212345232756966
-0.06831250000000005	-0.09450502218797686
-0.06693750000000007	-0.09688659204838407
-0.06556250000000007	-0.09926816190879129
-0.06418750000000006	-0.10164973176919848
-0.06281250000000008	-0.1040313016296057
-0.061437500000000075	-0.10641287149001291
-0.060062500000000074	-0.1087944413504201
-0.05868750000000007	-0.11117601121082732
-0.057312500000000086	-0.11355758107123451
-0.055937500000000084	-0.11593915093164173
-0.05456250000000008	-0.11832072079204894
-0.05318750000000008	-0.12070229065245615
-0.08756250000000004	-0.06592618386309038
-0.08618750000000003	-0.06830775372349758
-0.08481250000000004	-0.07068932358390478
-0.08343750000000004	-0.073070893444312
-0.08206250000000004	-0.0754524633047192
-0.08068750000000005	-0.07783403316512641
-0.07931250000000004	-0.08021560302553361
-0.07793750000000005	-0.08259717288594082
-0.07656250000000006	-0.08497874274634803
-0.07518750000000005	-0.08736031260675524
-0.07381250000000006	-0.08974188246716244
-0.07243750000000006	-0.09212345232756966
-0.07106250000000006	-0.09450502218797685
-0.06968750000000007	-0.09688659204838407
-0.06831250000000005	-0.09926816190879129
-0.06693750000000007	-0.10164973176919848
-0.06556250000000007	-0.1040313016296057
-0.06418750000000006	-0.10641287149001291
-0.06281250000000008	-0.1087944413504201
-0.061437500000000075	-0.11117601121082732
-0.060062500000000074	-0.11355758107123451
-0.05868750000000007	-0.11593915093164173
-0.05731250000000008	-0.11832072079204894
-0.05593750000000008	-0.12070229065245613
-0.09031250000000005	-0.06592618386309038
-0.08893750000000003	-0.06830775372349758
-0.08756250000000004	-0.07068932358390478
-0.08618750000000004	-0.073070893444312
-0.08481250000000004	-0.0754524633047192
-0.08343750000000005	-0.07783403316512641
-0.08206250000000004	-0.08021560302553361
-0.08068750000000005	-0.08259717288594082
-0.07931250000000006	-0.08497874274634803
-0.07793750000000005	-0.08736031260675524
-0.07656250000000006	-0.08974188246716244
-0.07518750000000006	-0.09212345232756966
-0.07381250000000006	-0.09450502218797685
-0.07243750000000007	-0.09688659204838407
-0.07106250000000006	-0.09926816190879127
-0.06968750000000007	-0.10164973176919848
-0.06831250000000007	-0.1040313016296057
-0.06693750000000007	-0.1064128714900129
-0.06556250000000008	-0.1087944413504201
-0.06418750000000008	-0.1111760112108273
-0.06281250000000008	-0.11355758107123451
-0.061437500000000075	-0.11593915093164173
-0.06006250000000008	-0.11832072079204893
-0.05868750000000008	-0.12070229065245613
-0.09306250000000003	-0.06592618386309038
-0.09168750000000003	-0.06830775372349758
-0.09031250000000005	-0.07068932358390478
-0.08893750000000003	-0.073070893444312
-0.08756250000000004	-0.0754524633047192
-0.08618750000000004	-0.07783403316512641
-0.08481250000000004	-0.08021560302553361
-0.08343750000000005	-0.08259717288594082
-0.08206250000000004	-0.08497874274634803
-0.08068750000000005	-0.08736031260675524
-0.07931250000000006	-0.08974188246716244
-0.07793750000000005	-0.09212345232756966
-0.07656250000000006	-0.09450502218797685
-0.07518750000000006	-0.09688659204838407
-0.07381250000000006	-0.09926816190879127
-0.07243750000000007	-0.10164973176919848
-0.07106250000000006	-0.1040313016296057
-0.06968750000000007	-0.1064128714900129
-0.06831250000000008	-0.1087944413504201
-0.06693750000000007	-0.1111760112108273
-0.06556250000000008	-0.11355758107123451
-0.06418750000000008	-0.11593915093164173
-0.06281250000000008	-0.11832072079204893
-0.061437500000000075	-0.12070229065245613
-0.09581250000000004	-0.06592618386309038
-0.09443750000000004	-0.06830775372349758
-0.09306250000000005	-0.07068932358390478
-0.09168750000000003	-0.073070893444312
-0.09031250000000005	-0.0754524633047192
-0.08893750000000004	-0.07783403316512641
-0.08756250000000004	-0.08021560302553361
-0.08618750000000006	-0.08259717288594082
-0.08481250000000004	-0.08497874274634803
-0.08343750000000005	-0.08736031260675524
-0.08206250000000007	-0.08974188246716244
-0.08068750000000005	-0.09212345232756966
-0.07931250000000006	-0.09450502218797685
-0.07793750000000006	-0.09688659204838407
-0.07656250000000006	-0.09926816190879127
-0.07518750000000007	-0.10164973176919848
-0.07381250000000006	-0.1040313016296057
-0.07243750000000007	-0.1064128714900129
-0.07106250000000008	-0.1087944413504201
-0.06968750000000007	-0.1111760112108273
-0.06831250000000008	-0.11355758107123451
-0.06693750000000008	-0.11593915093164173
-0.06556250000000008	-0.11832072079204893
-0.06418750000000008	-0.12070229065245613
-0.09856250000000003	-0.06592618386309038
-0.09718750000000004	-0.06830775372349758
-0.09581250000000004	-0.07068932358390478
-0.09443750000000004	-0.07307089344431199
-0.09306250000000005	-0.0754524633047192
-0.09168750000000003	-0.07783403316512641
-0.09031250000000005	-0.08021560302553361
-0.08893750000000004	-0.08259717288594082
-0.08756250000000004	-0.08497874274634803
-0.08618750000000006	-0.08736031260675524
-0.08481250000000005	-0.08974188246716244
-0.08343750000000005	-0.09212345232756966
-0.08206250000000005	-0.09450502218797685
-0.08068750000000005	-0.09688659204838407
-0.07931250000000006	-0.09926816190879127
-0.07793750000000006	-0.10164973176919848
-0.07656250000000006	-0.1040313016296057
-0.07518750000000007	-0.1064128714900129
-0.07381250000000006	-0.1087944413504201
-0.07243750000000007	-0.1111760112108273
-0.07106250000000008	-0.11355758107123451
-0.06968750000000007	-0.11593915093164173
-0.06831250000000008	-0.11832072079204893
-0.06693750000000007	-0.12070229065245613
-0.10131250000000003	-0.06592618386309038
-0.09993750000000004	-0.06830775372349758
-0.09856250000000003	-0.07068932358390478
-0.09718750000000004	-0.07307089344431199
-0.09581250000000005	-0.0754524633047192
-0.09443750000000004	-0.07783403316512641
-0.09306250000000005	-0.08021560302553361
-0.09168750000000005	-0.08259717288594082
-0.09031250000000005	-0.08497874274634803
-0.08893750000000006	-0.08736031260675522
-0.08756250000000006	-0.08974188246716244
-0.08618750000000006	-0.09212345232756966
-0.08481250000000005	-0.09450502218797685
-0.08343750000000005	-0.09688659204838407
-0.08206250000000007	-0.09926816190879127
-0.08068750000000006	-0.10164973176919848
-0.07931250000000006	-0.1040313016296057
-0.07793750000000008	-0.1064128714900129
-0.07656250000000006	-0.1087944413504201
-0.07518750000000007	-0.1111760112108273
-0.07381250000000009	-0.11355758107123451
-0.07243750000000007	-0.11593915093164173
-0.07106250000000008	-0.11832072079204893
-0.06968750000000007	-0.12070229065245613
