0.07612500000000001	0.0
0.07750000000000001	0.002381569860407206
0.07887500000000001	0.004763139720814412
0.08025000000000002	0.0071447095812216185
0.081625	0.009526279441628824
0.083	0.01190784930203603
0.084375	0.014289419162443237
0.08575	0.016670989022850444
0.08712500000000001	0.019052558883257648
0.08850000000000001	0.021434128743664852
0.08987500000000001	0.02381569860407206
0.09125000000000001	0.026197268464479267
0.09262500000000001	0.028578838324886474
0.09400000000000001	0.030960408185293678
0.09537500000000002	0.03334197804570089
0.09675	0.035723547906108086
0.09812500000000002	0.038105117766515297
0.0995	0.04048668762692251
0.10087500000000002	0.042868257487329704
0.10225000000000001	0.045249827347736915
0.10362500000000001	0.04763139720814412
0.10500000000000001	0.05001296706855132
0.10637500000000001	0.052394536928958534
0.10775000000000001	0.054776106789365744
0.07750000000000001	-0.002381569860407206
0.07887500000000001	0.0
0.08025000000000002	0.002381569860407206
0.081625	0.004763139720814413
0.083	0.0071447095812216185
0.084375	0.009526279441628824
0.08575	0.011907849302036031
0.08712500000000001	0.014289419162443239
0.08850000000000001	0.01667098902285044
0.08987500000000001	0.019052558883257645
0.09125000000000001	0.021434128743664852
0.09262500000000001	0.02381569860407206
0.09400000000000001	0.026197268464479267
0.09537500000000002	0.02857883832488647
0.09675000000000002	0.03096040818529368
0.09812500000000002	0.03334197804570088
0.0995	0.03572354790610809
0.10087500000000002	0.0381051177665153
0.10225000000000001	0.0404866876269225
0.10362500000000002	0.04286825748732971
0.10500000000000001	0.045249827347736915
0.10637500000000001	0.04763139720814412
0.10775000000000001	0.05001296706855133
0.10912500000000001	0.05239453692895854
0.07887500000000001	-0.004763139720814412
0.08025000000000002	-0.002381569860407206
0.081625	0.0
0.08300000000000002	0.0023815698604072065
0.084375	0.004763139720814412
0.08575	0.007144709581221618
0.08712500000000001	0.009526279441628826
0.08850000000000001	0.011907849302036033
0.08987500000000001	0.014289419162443237
0.09125000000000001	0.01667098902285044
0.09262500000000001	0.019052558883257648
0.09400000000000001	0.021434128743664856
0.09537500000000002	0.023815698604072063
0.09675	0.026197268464479267
0.09812500000000002	0.028578838324886478
0.0995	0.030960408185293675
0.10087500000000002	0.03334197804570088
0.10225000000000001	0.03572354790610809
0.10362500000000002	0.03810511776651529
0.10500000000000001	0.0404866876269225
0.10637500000000001	0.042868257487329704
0.10775000000000001	0.04524982734773691
0.10912500000000001	0.04763139720814412
0.11050000000000001	0.05001296706855133
0.08025000000000002	-0.0071447095812216185
0.081625	-0.004763139720814413
0.083	-0.0023815698604072065
0.084375	0.0
0.08575	0.0023815698604072056
0.08712500000000001	0.004763139720814411
0.08850000000000001	0.0071447095812216185
0.08987500000000001	0.009526279441628826
0.09125000000000001	0.01190784930203603
0.09262500000000001	0.014289419162443234
0.09400000000000001	0.01667098902285044
0.09537500000000002	0.019052558883257648
0.09675000000000002	0.021434128743664856
0.09812500000000002	0.02381569860407206
0.0995	0.02619726846447927
0.100875	0.028578838324886467
0.10225000000000001	0.030960408185293678
0.10362500000000001	0.03334197804570089
0.10500000000000001	0.035723547906108086
0.10637500000000001	0.038105117766515297
0.10775000000000001	0.0404866876269225
0.10912500000000001	0.042868257487329704
0.11050000000000001	0.045249827347736915
0.11187500000000002	0.047631397208144126
0.081625	-0.009526279441628824
0.083	-0.0071447095812216185
0.084375	-0.004763139720814412
0.08575	-0.0023815698604072056
0.08712500000000001	0.0
0.08850000000000001	0.0023815698604072056
0.08987500000000001	0.004763139720814413
0.09125000000000001	0.00714470958122162
0.09262500000000001	0.009526279441628824
0.09400000000000001	0.011907849302036028
0.09537500000000002	0.014289419162443235
0.09675000000000002	0.01667098902285044
0.09812500000000002	0.01905255888325765
0.0995	0.021434128743664856
0.10087500000000002	0.023815698604072066
0.10225000000000001	0.026197268464479263
0.10362500000000001	0.028578838324886474
0.10500000000000001	0.030960408185293685
0.10637500000000001	0.03334197804570088
0.10775000000000001	0.03572354790610809
0.10912500000000001	0.038105117766515297
0.11050000000000001	0.0404866876269225
0.11187500000000002	0.04286825748732971
0.11325000000000002	0.04524982734773692
0.083	-0.01190784930203603
0.084375	-0.009526279441628824
0.08575	-0.007144709581221618
0.08712500000000001	-0.004763139720814411
0.08850000000000001	-0.0023815698604072056
0.08987500000000001	0.0
0.09125000000000001	0.0023815698604072073
0.09262500000000001	0.004763139720814415
0.09400000000000001	0.0071447095812216185
0.09537500000000002	0.009526279441628822
0.09675	0.01190784930203603
0.09812500000000002	0.014289419162443237
0.0995	0.016670989022850444
0.10087500000000002	0.019052558883257648
0.10225000000000001	0.02143412874366486
0.10362500000000001	0.023815698604072056
0.10500000000000001	0.026197268464479267
0.10637500000000001	0.028578838324886478
0.10775000000000001	0.030960408185293675
0.10912500000000001	0.03334197804570088
0.11050000000000001	0.035723547906108086
0.11187500000000002	0.03810511776651529
0.11325000000000002	0.04048668762692251
0.11462500000000002	0.04286825748732971
0.084375	-0.014289419162443237
0.08575	-0.011907849302036031
0.08712500000000001	-0.009526279441628826
0.08850000000000001	-0.0071447095812216185
0.08987500000000001	-0.004763139720814413
0.09125000000000001	-0.0023815698604072073
0.09262500000000001	0.0
0.09400000000000001	0.0023815698604072073
0.09537500000000002	0.004763139720814411
0.09675000000000002	0.007144709581221615
0.09812500000000002	0.009526279441628822
0.0995	0.01190784930203603
0.10087500000000002	0.014289419162443237
0.10225000000000001	0.01667098902285044
0.10362500000000002	0.01905255888325765
0.10500000000000001	0.02143412874366485
0.10637500000000001	0.02381569860407206
0.10775000000000001	0.02619726846447927
0.10912500000000001	0.028578838324886467
0.11050000000000001	0.030960408185293678
0.11187500000000002	0.03334197804570088
0.11325000000000002	0.035723547906108086
0.11462500000000002	0.038105117766515297
0.11600000000000002	0.04048668762692251
0.08575	-0.016670989022850444
0.08712500000000001	-0.014289419162443239
0.08850000000000001	-0.011907849302036033
0.08987500000000001	-0.009526279441628826
0.09125000000000001	-0.00714470958122162
0.09262500000000001	-0.004763139720814415
0.09400000000000001	-0.0023815698604072073
0.09537500000000002	0.0
0.09675	0.002381569860407204
0.09812500000000002	0.004763139720814408
0.0995	0.007144709581221615
0.10087500000000002	0.009526279441628822
0.10225000000000001	0.01190784930203603
0.10362500000000001	0.014289419162443234
0.10500000000000001	0.016670989022850444
0.10637500000000001	0.01905255888325764
0.10775000000000001	0.021434128743664852
0.10912500000000001	0.023815698604072063
0.11050000000000001	0.02619726846447926
0.11187500000000002	0.02857883832488647
0.11325000000000002	0.030960408185293675
0.11462500000000002	0.03334197804570088
0.11600000000000002	0.035723547906108086
0.11737500000000002	0.0381051177665153
0.08712500000000001	-0.019052558883257648
0.08850000000000001	-0.01667098902285044
0.08987500000000001	-0.014289419162443237
0.09125000000000001	-0.01190784930203603
0.09262500000000001	-0.009526279441628824
0.09400000000000001	-0.0071447095812216185
0.09537500000000002	-0.004763139720814411
0.09675	-0.002381569860407204
0.09812500000000002	0.0
0.0995	0.002381569860407204
0.10087500000000002	0.004763139720814411
0.10225000000000001	0.0071447095812216185
0.10362500000000002	0.009526279441628826
0.10500000000000001	0.01190784930203603
0.10637500000000001	0.01428941916244324
0.10775000000000001	0.016670989022850437
0.10912500000000001	0.019052558883257648
0.11050000000000001	0.02143412874366486
0.11187500000000002	0.023815698604072056
0.11325000000000002	0.026197268464479267
0.114625	0.02857883832488647
0.11600000000000002	0.030960408185293675
0.11737500000000001	0.03334197804570088
0.11875000000000002	0.0357235479061081
0.08850000000000001	-0.021434128743664852
0.08987500000000001	-0.019052558883257645
0.09125000000000001	-0.01667098902285044
0.09262500000000001	-0.014289419162443234
0.09400000000000001	-0.011907849302036028
0.09537500000000002	-0.009526279441628822
0.09675	-0.007144709581221615
0.09812500000000002	-0.004763139720814408
0.0995	-0.002381569860407204
0.10087500000000002	0.0
0.10225000000000001	0.0023815698604072073
0.10362500000000001	0.004763139720814415
0.10500000000000001	0.007144709581221622
0.10637500000000001	0.009526279441628826
0.10775000000000001	0.011907849302036037
0.10912500000000001	0.014289419162443234
0.11050000000000001	0.016670989022850444
0.11187500000000002	0.019052558883257655
0.11325000000000002	0.021434128743664852
0.11462500000000002	0.023815698604072063
0.11600000000000002	0.026197268464479267
0.11737500000000001	0.02857883832488647
0.11875000000000002	0.03096040818529368
0.12012500000000001	0.033341978045700896
0.08987500000000001	-0.02381569860407206
0.09125000000000001	-0.021434128743664852
0.09262500000000001	-0.019052558883257648
0.09400000000000001	-0.01667098902285044
0.09537500000000002	-0.014289419162443235
0.09675	-0.01190784930203603
0.09812500000000002	-0.009526279441628822
0.0995	-0.007144709581221615
0.10087500000000002	-0.004763139720814411
0.10225000000000001	-0.0023815698604072073
0.10362500000000001	0.0
0.10500000000000001	0.0023815698604072073
0.10637500000000001	0.004763139720814415
0.10775000000000001	0.0071447095812216185
0.10912500000000001	0.00952627944162883
0.11050000000000001	0.011907849302036026
0.11187500000000002	0.014289419162443237
0.11325000000000002	0.016670989022850448
0.11462500000000002	0.019052558883257645
0.11600000000000002	0.021434128743664856
0.11737500000000001	0.02381569860407206
0.11875000000000002	0.026197268464479263
0.12012500000000001	0.028578838324886474
0.12150000000000002	0.030960408185293685
0.09125000000000001	-0.026197268464479267
0.09262500000000001	-0.02381569860407206
0.09400000000000001	-0.021434128743664856
0.09537500000000002	-0.019052558883257648
0.09675000000000002	-0.01667098902285044
0.09812500000000002	-0.014289419162443237
0.0995	-0.01190784930203603
0.10087500000000002	-0.009526279441628822
0.10225000000000001	-0.0071447095812216185
0.10362500000000002	-0.004763139720814415
0.10500000000000001	-0.0023815698604072073
0.10637500000000001	0.0
0.10775000000000001	0.0023815698604072073
0.10912500000000001	0.004763139720814411
0.11050000000000001	0.007144709581221622
0.11187500000000002	0.009526279441628819
0.11325000000000002	0.01190784930203603
0.11462500000000002	0.01428941916244324
0.11600000000000002	0.016670989022850437
0.11737500000000002	0.019052558883257648
0.11875000000000002	0.021434128743664852
0.12012500000000001	0.023815698604072056
0.12150000000000002	0.026197268464479267
0.12287500000000001	0.028578838324886478
0.09262500000000001	-0.028578838324886474
0.09400000000000001	-0.026197268464479267
0.09537500000000002	-0.023815698604072063
0.09675000000000002	-0.021434128743664856
0.09812500000000002	-0.01905255888325765
0.0995	-0.016670989022850444
0.10087500000000002	-0.014289419162443237
0.10225000000000001	-0.01190784930203603
0.10362500000000002	-0.009526279441628826
0.10500000000000001	-0.007144709581221622
0.10637500000000001	-0.004763139720814415
0.10775000000000001	-0.0023815698604072073
0.10912500000000001	0.0
0.11050000000000001	0.002381569860407204
0.11187500000000002	0.004763139720814415
0.11325000000000002	0.007144709581221612
0.11462500000000002	0.009526279441628822
0.11600000000000002	0.011907849302036033
0.11737500000000002	0.01428941916244323
0.11875000000000002	0.01667098902285044
0.12012500000000001	0.019052558883257645
0.12150000000000002	0.02143412874366485
0.12287500000000001	0.02381569860407206
0.12425000000000003	0.02619726846447927
0.09400000000000001	-0.030960408185293678
0.09537500000000002	-0.02857883832488647
0.09675	-0.026197268464479267
0.09812500000000002	-0.02381569860407206
0.0995	-0.021434128743664856
0.10087500000000002	-0.019052558883257648
0.10225000000000001	-0.01667098902285044
0.10362500000000001	-0.014289419162443234
0.10500000000000001	-0.01190784930203603
0.10637500000000001	-0.009526279441628826
0.10775000000000001	-0.0071447095812216185
0.10912500000000001	-0.004763139720814411
0.11050000000000001	-0.002381569860407204
0.11187500000000002	0.0
0.11325000000000002	0.002381569860407211
0.114625	0.004763139720814408
0.11600000000000002	0.0071447095812216185
0.11737500000000001	0.00952627944162883
0.11875000000000002	0.011907849302036026
0.12012500000000001	0.014289419162443237
0.12150000000000001	0.01667098902285044
0.12287500000000001	0.019052558883257645
0.12425000000000001	0.021434128743664856
0.12562500000000001	0.023815698604072066
0.09537500000000002	-0.03334197804570089
0.09675000000000002	-0.03096040818529368
0.09812500000000002	-0.028578838324886478
0.0995	-0.02619726846447927
0.10087500000000002	-0.023815698604072066
0.10225000000000001	-0.02143412874366486
0.10362500000000002	-0.01905255888325765
0.10500000000000001	-0.016670989022850444
0.10637500000000001	-0.01428941916244324
0.10775000000000001	-0.011907849302036037
0.10912500000000001	-0.00952627944162883
0.11050000000000001	-0.007144709581221622
0.11187500000000002	-0.004763139720814415
0.11325000000000002	-0.002381569860407211
0.11462500000000002	0.0
0.11600000000000002	0.002381569860407197
0.11737500000000001	0.004763139720814408
0.11875000000000002	0.0071447095812216185
0.12012500000000001	0.009526279441628815
0.12150000000000002	0.011907849302036026
0.12287500000000001	0.01428941916244323
0.12425000000000001	0.016670989022850434
0.12562500000000001	0.019052558883257645
0.127	0.021434128743664856
0.09675	-0.035723547906108086
0.09812500000000002	-0.03334197804570088
0.0995	-0.030960408185293675
0.100875	-0.028578838324886467
0.10225000000000001	-0.026197268464479263
0.10362500000000001	-0.023815698604072056
0.10500000000000001	-0.02143412874366485
0.10637500000000001	-0.01905255888325764
0.10775000000000001	-0.016670989022850437
0.10912500000000001	-0.014289419162443234
0.11050000000000001	-0.011907849302036026
0.11187500000000002	-0.009526279441628819
0.11325000000000002	-0.007144709581221612
0.114625	-0.004763139720814408
0.11600000000000002	-0.002381569860407197
0.11737500000000001	0.0
0.11875000000000001	0.002381569860407211
0.12012500000000001	0.004763139720814422
0.12150000000000001	0.0071447095812216185
0.12287500000000001	0.00952627944162883
0.12425000000000001	0.011907849302036033
0.12562500000000001	0.014289419162443237
0.127	0.016670989022850448
0.12837500000000002	0.01905255888325766
0.09812500000000002	-0.038105117766515297
0.0995	-0.03572354790610809
0.100875	-0.03334197804570088
0.10225000000000001	-0.030960408185293678
0.10362500000000001	-0.028578838324886474
0.10500000000000001	-0.026197268464479267
0.10637500000000001	-0.02381569860407206
0.10775000000000001	-0.021434128743664852
0.10912500000000001	-0.019052558883257648
0.11050000000000001	-0.016670989022850444
0.11187500000000002	-0.014289419162443237
0.11325000000000002	-0.01190784930203603
0.11462500000000002	-0.009526279441628822
0.11600000000000002	-0.0071447095812216185
0.11737500000000001	-0.004763139720814408
0.11875000000000001	-0.002381569860407211
0.12012500000000001	0.0
0.12150000000000001	0.002381569860407211
0.12287500000000001	0.004763139720814408
0.12425000000000001	0.0071447095812216185
0.12562500000000001	0.009526279441628822
0.127	0.011907849302036026
0.12837500000000002	0.014289419162443237
0.12975000000000003	0.016670989022850448
0.0995	-0.04048668762692251
0.10087500000000002	-0.0381051177665153
0.10225000000000001	-0.03572354790610809
0.10362500000000002	-0.03334197804570089
0.10500000000000001	-0.030960408185293685
0.10637500000000001	-0.028578838324886478
0.10775000000000001	-0.02619726846447927
0.10912500000000001	-0.023815698604072063
0.11050000000000001	-0.02143412874366486
0.11187500000000002	-0.019052558883257655
0.11325000000000002	-0.016670989022850448
0.11462500000000002	-0.01428941916244324
0.11600000000000002	-0.011907849302036033
0.11737500000000001	-0.00952627944162883
0.11875000000000002	-0.0071447095812216185
0.12012500000000001	-0.004763139720814422
0.12150000000000001	-0.002381569860407211
0.12287500000000001	0.0
0.12425000000000001	0.002381569860407197
0.12562500000000001	0.004763139720814408
0.127	0.007144709581221612
0.12837500000000002	0.009526279441628815
0.12975000000000003	0.011907849302036026
0.13112500000000002	0.014289419162443237
0.10087500000000002	-0.042868257487329704
0.10225000000000001	-0.0404866876269225
0.10362500000000002	-0.03810511776651529
0.10500000000000001	-0.035723547906108086
0.10637500000000001	-0.03334197804570088
0.10775000000000001	-0.030960408185293675
0.10912500000000001	-0.028578838324886467
0.11050000000000001	-0.02619726846447926
0.11187500000000002	-0.023815698604072056
0.11325000000000002	-0.021434128743664852
0.11462500000000002	-0.019052558883257645
0.11600000000000002	-0.016670989022850437
0.11737500000000002	-0.01428941916244323
0.11875000000000002	-0.011907849302036026
0.12012500000000001	-0.009526279441628815
0.12150000000000001	-0.0071447095812216185
0.12287500000000001	-0.004763139720814408
0.12425000000000001	-0.002381569860407197
0.12562500000000001	0.0
0.127	0.002381569860407211
0.12837500000000002	0.004763139720814415
0.12975000000000003	0.0071447095812216185
0.13112500000000002	0.00952627944162883
0.1325	0.01190784930203604
0.10225000000000001	-0.045249827347736915
0.10362500000000002	-0.04286825748732971
0.10500000000000001	-0.0404866876269225
0.10637500000000003	-0.038105117766515297
0.10775000000000001	-0.03572354790610809
0.10912500000000001	-0.03334197804570088
0.11050000000000001	-0.030960408185293678
0.11187500000000002	-0.02857883832488647
0.11325000000000002	-0.026197268464479267
0.11462500000000002	-0.023815698604072063
0.11600000000000002	-0.021434128743664856
0.11737500000000002	-0.019052558883257648
0.11875000000000002	-0.01667098902285044
0.12012500000000001	-0.014289419162443237
0.12150000000000002	-0.011907849302036026
0.12287500000000001	-0.00952627944162883
0.12425000000000001	-0.0071447095812216185
0.12562500000000001	-0.004763139720814408
0.127	-0.002381569860407211
0.12837500000000002	0.0
0.12975000000000003	0.002381569860407204
0.13112500000000002	0.004763139720814408
0.1325	0.0071447095812216185
0.13387500000000002	0.00952627944162883
0.10362500000000001	-0.04763139720814412
0.10500000000000001	-0.045249827347736915
0.10637500000000001	-0.042868257487329704
0.10775000000000001	-0.0404866876269225
0.109125	-0.038105117766515297
0.11050000000000001	-0.035723547906108086
0.111875	-0.03334197804570088
0.11325000000000002	-0.030960408185293675
0.114625	-0.02857883832488647
0.11600000000000002	-0.026197268464479267
0.11737500000000001	-0.02381569860407206
0.11875000000000001	-0.021434128743664852
0.12012500000000001	-0.019052558883257645
0.12150000000000001	-0.01667098902285044
0.12287500000000001	-0.01428941916244323
0.12425000000000001	-0.011907849302036033
0.12562500000000001	-0.009526279441628822
0.127	-0.007144709581221612
0.12837500000000002	-0.004763139720814415
0.12975000000000003	-0.002381569860407204
0.13112500000000002	0.0
0.1325	0.002381569860407204
0.13387500000000002	0.004763139720814415
0.13525	0.0071447095812216255
0.10500000000000001	-0.05001296706855132
0.10637500000000001	-0.04763139720814412
0.10775000000000001	-0.04524982734773691
0.10912500000000001	-0.042868257487329704
0.11050000000000001	-0.0404866876269225
0.111875	-0.03810511776651529
0.11325000000000002	-0.035723547906108086
0.114625	-0.03334197804570088
0.11600000000000002	-0.030960408185293675
0.11737500000000001	-0.02857883832488647
0.11875000000000001	-0.026197268464479263
0.12012500000000001	-0.023815698604072056
0.12150000000000001	-0.02143412874366485
0.12287500000000001	-0.019052558883257645
0.12425000000000001	-0.016670989022850434
0.12562500000000001	-0.014289419162443237
0.127	-0.011907849302036026
0.12837500000000002	-0.009526279441628815
0.12975000000000003	-0.0071447095812216185
0.13112500000000002	-0.004763139720814408
0.1325	-0.002381569860407204
0.13387500000000002	0.0
0.13525	0.002381569860407211
0.13662500000000002	0.004763139720814422
0.10637500000000001	-0.052394536928958534
0.10775000000000001	-0.05001296706855133
0.10912500000000001	-0.04763139720814412
0.11050000000000001	-0.045249827347736915
0.111875	-0.04286825748732971
0.11325000000000002	-0.04048668762692251
0.114625	-0.038105117766515297
0.11600000000000002	-0.035723547906108086
0.11737500000000001	-0.03334197804570088
0.11875000000000002	-0.03096040818529368
0.12012500000000001	-0.028578838324886474
0.12150000000000001	-0.026197268464479267
0.12287500000000001	-0.02381569860407206
0.12425000000000001	-0.021434128743664856
0.12562500000000001	-0.019052558883257645
0.127	-0.016670989022850448
0.12837500000000002	-0.014289419162443237
0.12975000000000003	-0.011907849302036026
0.13112500000000002	-0.00952627944162883
0.1325	-0.0071447095812216185
0.13387500000000002	-0.004763139720814415
0.13525	-0.002381569860407211
0.13662500000000002	0.0
0.138	0.002381569860407211
0.10775000000000001	-0.054776106789365744
0.10912500000000001	-0.05239453692895854
0.11050000000000001	-0.05001296706855133
0.11187500000000002	-0.047631397208144126
0.11325000000000002	-0.04524982734773692
0.114625	-0.04286825748732971
0.11600000000000002	-0.04048668762692251
0.11737500000000001	-0.0381051177665153
0.11875000000000002	-0.0357235479061081
0.12012500000000001	-0.033341978045700896
0.12150000000000001	-0.030960408185293685
0.12287500000000001	-0.028578838324886478
0.12425000000000001	-0.02619726846447927
0.12562500000000001	-0.023815698604072066
0.127	-0.021434128743664856
0.12837500000000002	-0.01905255888325766
0.12975000000000003	-0.016670989022850448
0.13112500000000002	-0.014289419162443237
0.1325	-0.01190784930203604
0.13387500000000002	-0.00952627944162883
0.13525	-0.0071447095812216255
0.13662500000000002	-0.004763139720814422
0.138	-0.002381569860407211
0.13937500000000003	0.0
0.06993750000000001	0.0035723547906108097
0.06718750000000001	0.00357235479061081
0.06443750000000001	0.0035723547906108106
0.061687500000000006	0.0035723547906108106
0.05893750000000001	0.003572354790610811
0.056187500000000015	0.0035723547906108114
0.05343750000000001	0.003572354790610812
0.05068750000000001	0.003572354790610812
0.04793750000000001	0.0035723547906108123
0.04518750000000001	0.0035723547906108127
0.04243750000000002	0.003572354790610813
0.03968750000000001	0.0035723547906108136
0.036937500000000005	0.0035723547906108136
0.03418750000000001	0.003572354790610814
0.03143750000000001	0.0035723547906108145
0.02868750000000001	0.003572354790610815
0.02593750000000001	0.003572354790610815
0.023187500000000007	0.0035723547906108153
0.02043750000000001	0.0035723547906108158
0.01768750000000001	0.003572354790610816
0.014937500000000013	0.0035723547906108166
0.01218750000000001	0.0035723547906108166
0.009437500000000015	0.003572354790610817
0.006687500000000013	0.0035723547906108175
0.07131250000000001	0.005953924651018016
0.06856250000000001	0.005953924651018016
0.06581250000000001	0.005953924651018017
0.06306250000000001	0.005953924651018017
0.06031250000000001	0.0059539246510180175
0.05756250000000001	0.0059539246510180175
0.05481250000000001	0.0059539246510180175
0.05206250000000001	0.005953924651018018
0.04931250000000001	0.005953924651018018
0.04656250000000001	0.005953924651018018
0.04381250000000001	0.005953924651018019
0.04106250000000001	0.005953924651018019
0.038312500000000006	0.00595392465101802
0.03556250000000001	0.00595392465101802
0.03281250000000001	0.00595392465101802
0.030062500000000013	0.005953924651018021
0.02731250000000001	0.005953924651018021
0.024562500000000008	0.005953924651018022
0.021812500000000012	0.005953924651018022
0.01906250000000001	0.005953924651018022
0.016312500000000014	0.005953924651018023
0.013562500000000012	0.005953924651018023
0.01081250000000001	0.0059539246510180235
0.008062500000000014	0.0059539246510180235
0.07268750000000002	0.008335494511425222
0.06993750000000001	0.008335494511425222
0.06718750000000001	0.008335494511425222
0.06443750000000001	0.008335494511425224
0.061687500000000006	0.008335494511425224
0.05893750000000001	0.008335494511425224
0.05618750000000001	0.008335494511425224
0.05343750000000001	0.008335494511425224
0.05068750000000001	0.008335494511425226
0.04793750000000001	0.008335494511425226
0.04518750000000001	0.008335494511425226
0.04243750000000001	0.008335494511425226
0.03968750000000001	0.008335494511425226
0.03693750000000001	0.008335494511425227
0.03418750000000001	0.008335494511425227
0.031437500000000014	0.008335494511425227
0.02868750000000001	0.008335494511425227
0.02593750000000001	0.008335494511425227
0.023187500000000014	0.008335494511425227
0.02043750000000001	0.00833549451142523
0.017687500000000016	0.00833549451142523
0.014937500000000013	0.00833549451142523
0.01218750000000001	0.00833549451142523
0.009437500000000015	0.00833549451142523
0.0740625	0.010717064371832428
0.07131250000000001	0.010717064371832428
0.06856250000000001	0.010717064371832428
0.06581250000000001	0.01071706437183243
0.06306250000000001	0.01071706437183243
0.06031250000000001	0.01071706437183243
0.05756250000000001	0.01071706437183243
0.054812500000000014	0.01071706437183243
0.05206250000000001	0.010717064371832431
0.04931250000000001	0.010717064371832431
0.046562500000000014	0.010717064371832431
0.04381250000000001	0.010717064371832431
0.04106250000000001	0.010717064371832431
0.03831250000000001	0.010717064371832433
0.03556250000000001	0.010717064371832433
0.032812500000000015	0.010717064371832433
0.030062500000000013	0.010717064371832433
0.02731250000000001	0.010717064371832433
0.024562500000000015	0.010717064371832433
0.021812500000000012	0.010717064371832435
0.019062500000000017	0.010717064371832435
0.016312500000000014	0.010717064371832435
0.013562500000000012	0.010717064371832435
0.01081250000000001	0.010717064371832435
0.0754375	0.013098634232239633
0.07268750000000002	0.013098634232239633
0.06993750000000001	0.013098634232239633
0.06718750000000001	0.013098634232239635
0.06443750000000001	0.013098634232239635
0.06168750000000001	0.013098634232239635
0.05893750000000001	0.013098634232239635
0.05618750000000001	0.013098634232239635
0.05343750000000001	0.013098634232239637
0.05068750000000001	0.013098634232239637
0.047937500000000015	0.013098634232239637
0.04518750000000001	0.013098634232239637
0.04243750000000001	0.013098634232239637
0.039687500000000014	0.013098634232239639
0.03693750000000001	0.013098634232239639
0.034187500000000016	0.013098634232239639
0.031437500000000014	0.013098634232239639
0.02868750000000001	0.013098634232239639
0.025937500000000016	0.013098634232239639
0.023187500000000014	0.01309863423223964
0.020437500000000018	0.01309863423223964
0.017687500000000016	0.01309863423223964
0.014937500000000013	0.01309863423223964
0.01218750000000001	0.01309863423223964
0.0768125	0.015480204092646839
0.0740625	0.015480204092646839
0.07131250000000001	0.015480204092646839
0.06856250000000001	0.01548020409264684
0.06581250000000001	0.01548020409264684
0.06306250000000001	0.01548020409264684
0.060312500000000005	0.01548020409264684
0.05756250000000001	0.01548020409264684
0.054812500000000014	0.015480204092646842
0.05206250000000001	0.015480204092646842
0.04931250000000001	0.015480204092646842
0.04656250000000001	0.015480204092646842
0.043812500000000004	0.015480204092646842
0.041062500000000016	0.015480204092646844
0.03831250000000001	0.015480204092646844
0.03556250000000002	0.015480204092646844
0.032812500000000015	0.015480204092646844
0.030062500000000013	0.015480204092646844
0.027312500000000017	0.015480204092646844
0.024562500000000015	0.015480204092646846
0.02181250000000002	0.015480204092646846
0.019062500000000017	0.015480204092646846
0.016312500000000014	0.015480204092646846
0.013562500000000012	0.015480204092646846
0.07818750000000001	0.017861773953054046
0.07543750000000002	0.017861773953054046
0.07268750000000002	0.017861773953054046
0.06993750000000001	0.017861773953054046
0.06718750000000001	0.017861773953054046
0.06443750000000001	0.017861773953054046
0.061687500000000006	0.01786177395305405
0.05893750000000001	0.01786177395305405
0.056187500000000015	0.01786177395305405
0.05343750000000001	0.01786177395305405
0.05068750000000001	0.01786177395305405
0.04793750000000001	0.01786177395305405
0.045187500000000005	0.01786177395305405
0.04243750000000002	0.01786177395305405
0.039687500000000014	0.01786177395305405
0.03693750000000002	0.01786177395305405
0.034187500000000016	0.017861773953054053
0.031437500000000014	0.017861773953054053
0.02868750000000002	0.017861773953054053
0.025937500000000016	0.017861773953054053
0.02318750000000002	0.017861773953054053
0.020437500000000018	0.017861773953054053
0.017687500000000016	0.017861773953054053
0.014937500000000013	0.017861773953054053
0.07956250000000001	0.020243343813461254
0.0768125	0.020243343813461254
0.07406250000000002	0.020243343813461254
0.07131250000000001	0.020243343813461254
0.06856250000000001	0.020243343813461254
0.06581250000000001	0.020243343813461254
0.06306250000000001	0.020243343813461257
0.06031250000000001	0.020243343813461257
0.057562500000000016	0.020243343813461257
0.054812500000000014	0.020243343813461257
0.05206250000000001	0.020243343813461257
0.04931250000000001	0.020243343813461257
0.04656250000000001	0.020243343813461257
0.04381250000000002	0.020243343813461257
0.041062500000000016	0.020243343813461257
0.03831250000000001	0.020243343813461257
0.03556250000000001	0.02024334381346126
0.03281250000000001	0.02024334381346126
0.030062500000000013	0.02024334381346126
0.02731250000000001	0.02024334381346126
0.024562500000000015	0.02024334381346126
0.021812500000000012	0.02024334381346126
0.01906250000000001	0.02024334381346126
0.016312500000000008	0.02024334381346126
0.08093750000000001	0.022624913673868458
0.07818750000000001	0.022624913673868458
0.0754375	0.022624913673868458
0.07268750000000002	0.022624913673868458
0.06993750000000001	0.022624913673868458
0.06718750000000001	0.022624913673868458
0.06443750000000001	0.02262491367386846
0.061687500000000006	0.02262491367386846
0.05893750000000001	0.02262491367386846
0.056187500000000015	0.02262491367386846
0.05343750000000001	0.02262491367386846
0.05068750000000001	0.02262491367386846
0.04793750000000001	0.02262491367386846
0.04518750000000001	0.02262491367386846
0.04243750000000001	0.02262491367386846
0.039687500000000014	0.02262491367386846
0.03693750000000001	0.022624913673868464
0.03418750000000001	0.022624913673868464
0.031437500000000014	0.022624913673868464
0.02868750000000001	0.022624913673868464
0.025937500000000016	0.022624913673868464
0.023187500000000014	0.022624913673868464
0.02043750000000001	0.022624913673868464
0.01768750000000001	0.022624913673868464
0.08231250000000001	0.02500648353427566
0.07956250000000001	0.02500648353427566
0.0768125	0.02500648353427566
0.0740625	0.02500648353427566
0.07131250000000001	0.02500648353427566
0.06856250000000001	0.02500648353427566
0.06581250000000001	0.025006483534275665
0.06306250000000001	0.025006483534275665
0.06031250000000001	0.025006483534275665
0.057562500000000016	0.025006483534275665
0.054812500000000014	0.025006483534275665
0.05206250000000001	0.025006483534275665
0.04931250000000001	0.025006483534275665
0.046562500000000014	0.025006483534275665
0.04381250000000001	0.025006483534275665
0.041062500000000016	0.025006483534275665
0.03831250000000001	0.02500648353427567
0.03556250000000001	0.02500648353427567
0.032812500000000015	0.02500648353427567
0.030062500000000013	0.02500648353427567
0.027312500000000017	0.02500648353427567
0.024562500000000015	0.02500648353427567
0.021812500000000012	0.02500648353427567
0.01906250000000001	0.02500648353427567
0.08368750000000001	0.02738805339468287
0.08093750000000001	0.02738805339468287
0.07818750000000001	0.02738805339468287
0.07543750000000002	0.02738805339468287
0.07268750000000002	0.02738805339468287
0.06993750000000001	0.02738805339468287
0.06718750000000001	0.027388053394682872
0.06443750000000001	0.027388053394682872
0.06168750000000001	0.027388053394682872
0.05893750000000002	0.027388053394682872
0.056187500000000015	0.027388053394682872
0.05343750000000001	0.027388053394682872
0.05068750000000001	0.027388053394682872
0.047937500000000015	0.027388053394682872
0.04518750000000001	0.027388053394682872
0.04243750000000002	0.027388053394682872
0.039687500000000014	0.027388053394682876
0.03693750000000001	0.027388053394682876
0.034187500000000016	0.027388053394682876
0.031437500000000014	0.027388053394682876
0.02868750000000002	0.027388053394682876
0.025937500000000016	0.027388053394682876
0.023187500000000014	0.027388053394682876
0.02043750000000001	0.027388053394682876
0.08506250000000001	0.029769623255090076
0.08231250000000001	0.029769623255090076
0.07956250000000001	0.029769623255090076
0.0768125	0.029769623255090076
0.07406250000000002	0.029769623255090076
0.07131250000000001	0.029769623255090076
0.06856250000000001	0.02976962325509008
0.06581250000000001	0.02976962325509008
0.06306250000000002	0.02976962325509008
0.06031250000000002	0.02976962325509008
0.057562500000000016	0.02976962325509008
0.054812500000000014	0.02976962325509008
0.05206250000000001	0.02976962325509008
0.049312500000000016	0.02976962325509008
0.046562500000000014	0.02976962325509008
0.04381250000000002	0.02976962325509008
0.041062500000000016	0.029769623255090083
0.03831250000000001	0.029769623255090083
0.03556250000000002	0.029769623255090083
0.032812500000000015	0.029769623255090083
0.03006250000000002	0.029769623255090083
0.027312500000000017	0.029769623255090083
0.024562500000000015	0.029769623255090083
0.021812500000000012	0.029769623255090083
0.08643750000000001	0.03215119311549729
0.08368750000000001	0.03215119311549729
0.08093750000000001	0.03215119311549729
0.07818750000000002	0.03215119311549729
0.07543750000000002	0.03215119311549729
0.07268750000000002	0.03215119311549729
0.06993750000000001	0.03215119311549729
0.06718750000000001	0.03215119311549729
0.06443750000000001	0.03215119311549729
0.06168750000000002	0.03215119311549729
0.05893750000000002	0.03215119311549729
0.056187500000000015	0.032151193115497294
0.05343750000000001	0.032151193115497294
0.05068750000000002	0.032151193115497294
0.047937500000000015	0.032151193115497294
0.04518750000000002	0.032151193115497294
0.04243750000000002	0.032151193115497294
0.039687500000000014	0.032151193115497294
0.03693750000000002	0.032151193115497294
0.034187500000000016	0.032151193115497294
0.03143750000000002	0.032151193115497294
0.02868750000000002	0.032151193115497294
0.025937500000000016	0.032151193115497294
0.023187500000000014	0.032151193115497294
0.08781250000000002	0.03453276297590449
0.08506250000000001	0.03453276297590449
0.08231250000000001	0.03453276297590449
0.07956250000000001	0.03453276297590449
0.0768125	0.03453276297590449
0.07406250000000002	0.03453276297590449
0.07131250000000001	0.03453276297590449
0.06856250000000001	0.03453276297590449
0.06581250000000001	0.03453276297590449
0.06306250000000002	0.03453276297590449
0.06031250000000002	0.03453276297590449
0.057562500000000016	0.0345327629759045
0.054812500000000014	0.0345327629759045
0.05206250000000001	0.0345327629759045
0.04931250000000001	0.0345327629759045
0.04656250000000002	0.0345327629759045
0.04381250000000002	0.0345327629759045
0.041062500000000016	0.0345327629759045
0.03831250000000001	0.0345327629759045
0.03556250000000001	0.0345327629759045
0.03281250000000002	0.0345327629759045
0.03006250000000002	0.0345327629759045
0.027312500000000017	0.0345327629759045
0.024562500000000015	0.0345327629759045
0.08918750000000002	0.0369143328363117
0.08643750000000001	0.0369143328363117
0.08368750000000001	0.0369143328363117
0.08093750000000001	0.0369143328363117
0.07818750000000002	0.0369143328363117
0.07543750000000002	0.0369143328363117
0.07268750000000002	0.0369143328363117
0.06993750000000001	0.0369143328363117
0.06718750000000001	0.0369143328363117
0.06443750000000001	0.0369143328363117
0.06168750000000002	0.0369143328363117
0.05893750000000002	0.03691433283631171
0.056187500000000015	0.03691433283631171
0.05343750000000001	0.03691433283631171
0.05068750000000001	0.03691433283631171
0.04793750000000002	0.03691433283631171
0.04518750000000002	0.03691433283631171
0.04243750000000002	0.03691433283631171
0.039687500000000014	0.03691433283631171
0.03693750000000001	0.03691433283631171
0.03418750000000002	0.03691433283631171
0.03143750000000002	0.03691433283631171
0.02868750000000002	0.03691433283631171
0.025937500000000016	0.03691433283631171
0.09056250000000002	0.0392959026967189
0.08781250000000002	0.0392959026967189
0.08506250000000001	0.0392959026967189
0.08231250000000001	0.0392959026967189
0.07956250000000001	0.0392959026967189
0.0768125	0.0392959026967189
0.0740625	0.0392959026967189
0.07131250000000001	0.0392959026967189
0.06856250000000001	0.0392959026967189
0.06581250000000001	0.0392959026967189
0.06306250000000002	0.0392959026967189
0.06031250000000001	0.039295902696718905
0.05756250000000001	0.039295902696718905
0.054812500000000014	0.039295902696718905
0.05206250000000001	0.039295902696718905
0.049312500000000016	0.039295902696718905
0.046562500000000014	0.039295902696718905
0.04381250000000001	0.039295902696718905
0.041062500000000016	0.039295902696718905
0.03831250000000001	0.039295902696718905
0.03556250000000002	0.039295902696718905
0.032812500000000015	0.039295902696718905
0.030062500000000013	0.039295902696718905
0.02731250000000001	0.039295902696718905
0.0919375	0.04167747255712611
0.08918750000000002	0.04167747255712611
0.08643750000000001	0.04167747255712611
0.08368750000000001	0.04167747255712611
0.08093750000000001	0.04167747255712611
0.07818750000000002	0.04167747255712611
0.07543750000000002	0.04167747255712611
0.07268750000000002	0.04167747255712611
0.06993750000000001	0.04167747255712611
0.06718750000000001	0.04167747255712611
0.06443750000000001	0.04167747255712611
0.06168750000000001	0.041677472557126116
0.05893750000000001	0.041677472557126116
0.056187500000000015	0.041677472557126116
0.05343750000000001	0.041677472557126116
0.05068750000000002	0.041677472557126116
0.047937500000000015	0.041677472557126116
0.04518750000000001	0.041677472557126116
0.04243750000000002	0.041677472557126116
0.039687500000000014	0.041677472557126116
0.03693750000000002	0.041677472557126116
0.034187500000000016	0.041677472557126116
0.031437500000000014	0.041677472557126116
0.02868750000000001	0.041677472557126116
0.09331250000000002	0.04405904241753332
0.09056250000000002	0.04405904241753332
0.08781250000000002	0.04405904241753332
0.08506250000000001	0.04405904241753332
0.08231250000000001	0.04405904241753332
0.07956250000000001	0.04405904241753332
0.0768125	0.04405904241753332
0.07406250000000002	0.04405904241753332
0.07131250000000001	0.04405904241753332
0.06856250000000001	0.04405904241753332
0.06581250000000002	0.04405904241753332
0.06306250000000002	0.04405904241753333
0.06031250000000001	0.04405904241753333
0.057562500000000016	0.04405904241753333
0.054812500000000014	0.04405904241753333
0.05206250000000002	0.04405904241753333
0.049312500000000016	0.04405904241753333
0.046562500000000014	0.04405904241753333
0.04381250000000002	0.04405904241753333
0.041062500000000016	0.04405904241753333
0.03831250000000002	0.04405904241753333
0.03556250000000002	0.04405904241753333
0.032812500000000015	0.04405904241753333
0.030062500000000013	0.04405904241753333
0.09468750000000001	0.04644061227794052
0.09193750000000002	0.04644061227794052
0.08918750000000002	0.04644061227794052
0.08643750000000001	0.04644061227794052
0.08368750000000001	0.04644061227794052
0.08093750000000002	0.04644061227794052
0.07818750000000002	0.04644061227794052
0.07543750000000002	0.04644061227794052
0.07268750000000002	0.04644061227794052
0.06993750000000001	0.04644061227794052
0.06718750000000001	0.04644061227794052
0.06443750000000001	0.046440612277940524
0.06168750000000001	0.046440612277940524
0.05893750000000002	0.046440612277940524
0.056187500000000015	0.046440612277940524
0.05343750000000002	0.046440612277940524
0.05068750000000002	0.046440612277940524
0.047937500000000015	0.046440612277940524
0.04518750000000002	0.046440612277940524
0.04243750000000002	0.046440612277940524
0.03968750000000002	0.046440612277940524
0.03693750000000002	0.046440612277940524
0.034187500000000016	0.046440612277940524
0.031437500000000014	0.046440612277940524
0.09606250000000002	0.04882218213834773
0.09331250000000002	0.04882218213834773
0.09056250000000002	0.04882218213834773
0.08781250000000002	0.04882218213834773
0.08506250000000001	0.04882218213834773
0.08231250000000001	0.04882218213834773
0.07956250000000001	0.04882218213834773
0.07681250000000002	0.04882218213834773
0.07406250000000002	0.04882218213834773
0.07131250000000001	0.04882218213834773
0.06856250000000003	0.04882218213834773
0.06581250000000002	0.048822182138347735
0.06306250000000002	0.048822182138347735
0.06031250000000002	0.048822182138347735
0.057562500000000016	0.048822182138347735
0.05481250000000002	0.048822182138347735
0.05206250000000002	0.048822182138347735
0.049312500000000016	0.048822182138347735
0.04656250000000002	0.048822182138347735
0.04381250000000002	0.048822182138347735
0.04106250000000002	0.048822182138347735
0.03831250000000002	0.048822182138347735
0.03556250000000002	0.048822182138347735
0.032812500000000015	0.048822182138347735
0.09743750000000001	0.05120375199875493
0.09468750000000001	0.05120375199875493
0.0919375	0.05120375199875493
0.08918750000000002	0.05120375199875493
0.08643750000000001	0.05120375199875493
0.08368750000000001	0.05120375199875493
0.08093750000000001	0.05120375199875493
0.07818750000000002	0.05120375199875493
0.07543750000000002	0.05120375199875493
0.07268750000000002	0.05120375199875493
0.06993750000000001	0.05120375199875493
0.06718750000000001	0.05120375199875494
0.06443750000000001	0.05120375199875494
0.06168750000000002	0.05120375199875494
0.05893750000000002	0.05120375199875494
0.056187500000000015	0.05120375199875494
0.05343750000000001	0.05120375199875494
0.05068750000000001	0.05120375199875494
0.04793750000000002	0.05120375199875494
0.04518750000000002	0.05120375199875494
0.04243750000000002	0.05120375199875494
0.039687500000000014	0.05120375199875494
0.03693750000000001	0.05120375199875494
0.03418750000000001	0.05120375199875494
0.09881250000000001	0.053585321859162136
0.09606250000000002	0.053585321859162136
0.09331250000000002	0.053585321859162136
0.09056250000000002	0.053585321859162136
0.08781250000000002	0.053585321859162136
0.08506250000000001	0.053585321859162136
0.08231250000000001	0.053585321859162136
0.07956250000000001	0.053585321859162136
0.07681250000000002	0.053585321859162136
0.07406250000000002	0.053585321859162136
0.07131250000000001	0.053585321859162136
0.06856250000000001	0.05358532185916214
0.06581250000000001	0.05358532185916214
0.06306250000000002	0.05358532185916214
0.06031250000000002	0.05358532185916214
0.057562500000000016	0.05358532185916214
0.054812500000000014	0.05358532185916214
0.05206250000000001	0.05358532185916214
0.04931250000000002	0.05358532185916214
0.04656250000000002	0.05358532185916214
0.04381250000000002	0.05358532185916214
0.041062500000000016	0.05358532185916214
0.03831250000000001	0.05358532185916214
0.03556250000000001	0.05358532185916214
0.10018750000000001	0.055966891719569346
0.09743750000000001	0.055966891719569346
0.09468750000000001	0.055966891719569346
0.09193750000000002	0.055966891719569346
0.08918750000000002	0.055966891719569346
0.08643750000000001	0.055966891719569346
0.08368750000000001	0.055966891719569346
0.08093750000000002	0.055966891719569346
0.07818750000000002	0.055966891719569346
0.07543750000000002	0.055966891719569346
0.07268750000000002	0.055966891719569346
0.06993750000000001	0.05596689171956935
0.06718750000000001	0.05596689171956935
0.06443750000000002	0.05596689171956935
0.06168750000000002	0.05596689171956935
0.05893750000000002	0.05596689171956935
0.056187500000000015	0.05596689171956935
0.05343750000000001	0.05596689171956935
0.050687500000000024	0.05596689171956935
0.04793750000000002	0.05596689171956935
0.04518750000000002	0.05596689171956935
0.04243750000000002	0.05596689171956935
0.039687500000000014	0.05596689171956935
0.03693750000000001	0.05596689171956935
0.10156250000000001	0.05834846157997656
0.09881250000000003	0.05834846157997656
0.09606250000000002	0.05834846157997656
0.09331250000000002	0.05834846157997656
0.09056250000000002	0.05834846157997656
0.08781250000000002	0.05834846157997656
0.08506250000000001	0.05834846157997656
0.08231250000000001	0.05834846157997656
0.07956250000000002	0.05834846157997656
0.07681250000000002	0.05834846157997656
0.07406250000000002	0.05834846157997656
0.07131250000000001	0.058348461579976564
0.06856250000000001	0.058348461579976564
0.06581250000000002	0.058348461579976564
0.06306250000000002	0.058348461579976564
0.06031250000000002	0.058348461579976564
0.057562500000000016	0.058348461579976564
0.054812500000000014	0.058348461579976564
0.052062500000000025	0.058348461579976564
0.04931250000000002	0.058348461579976564
0.04656250000000002	0.058348461579976564
0.04381250000000002	0.058348461579976564
0.041062500000000016	0.058348461579976564
0.03831250000000001	0.058348461579976564
0.06993750000000001	-0.0035723547906108084
0.0713125	-0.005953924651018016
0.0726875	-0.008335494511425224
0.0740625	-0.010717064371832431
0.0754375	-0.013098634232239639
0.07681249999999999	-0.015480204092646842
0.0781875	-0.017861773953054053
0.0795625	-0.02024334381346126
0.0809375	-0.022624913673868468
0.08231249999999998	-0.025006483534275672
0.08368749999999998	-0.02738805339468288
0.08506249999999999	-0.02976962325509009
0.08643749999999999	-0.032151193115497294
0.08781249999999999	-0.0345327629759045
0.08918749999999998	-0.03691433283631171
0.09056249999999998	-0.03929590269671891
0.09193749999999998	-0.04167747255712612
0.09331249999999998	-0.044059042417533334
0.09468749999999997	-0.04644061227794053
0.09606249999999997	-0.04882218213834774
0.09743749999999997	-0.051203751998754946
0.09881249999999997	-0.053585321859162156
0.10018749999999996	-0.05596689171956937
0.10156249999999997	-0.05834846157997658
0.06718750000000001	-0.003572354790610808
0.0685625	-0.005953924651018015
0.0699375	-0.008335494511425222
0.0713125	-0.01071706437183243
0.0726875	-0.013098634232239637
0.0740625	-0.015480204092646842
0.07543749999999999	-0.017861773953054053
0.07681249999999999	-0.02024334381346126
0.0781875	-0.022624913673868468
0.0795625	-0.025006483534275672
0.08093749999999998	-0.02738805339468288
0.08231249999999998	-0.02976962325509009
0.08368749999999998	-0.032151193115497294
0.08506249999999999	-0.0345327629759045
0.08643749999999999	-0.03691433283631171
0.08781249999999997	-0.03929590269671891
0.08918749999999998	-0.04167747255712612
0.09056249999999998	-0.044059042417533334
0.09193749999999998	-0.04644061227794053
0.09331249999999996	-0.04882218213834774
0.09468749999999997	-0.051203751998754946
0.09606249999999997	-0.053585321859162156
0.09743749999999997	-0.05596689171956937
0.09881249999999997	-0.05834846157997658
0.06443750000000001	-0.0035723547906108075
0.06581250000000001	-0.005953924651018015
0.0671875	-0.008335494511425222
0.0685625	-0.01071706437183243
0.0699375	-0.013098634232239637
0.0713125	-0.015480204092646842
0.0726875	-0.01786177395305405
0.07406249999999999	-0.02024334381346126
0.07543749999999999	-0.022624913673868464
0.07681249999999999	-0.02500648353427567
0.0781875	-0.02738805339468288
0.07956249999999998	-0.02976962325509009
0.08093749999999998	-0.032151193115497294
0.08231249999999998	-0.0345327629759045
0.08368749999999998	-0.03691433283631171
0.08506249999999997	-0.03929590269671891
0.08643749999999997	-0.04167747255712612
0.08781249999999997	-0.044059042417533334
0.08918749999999998	-0.04644061227794053
0.09056249999999996	-0.04882218213834774
0.09193749999999996	-0.051203751998754946
0.09331249999999996	-0.053585321859162156
0.09468749999999997	-0.05596689171956937
0.09606249999999997	-0.05834846157997658
0.061687500000000006	-0.0035723547906108075
0.06306250000000001	-0.005953924651018015
0.06443750000000001	-0.008335494511425222
0.0658125	-0.01071706437183243
0.0671875	-0.013098634232239637
0.0685625	-0.015480204092646842
0.0699375	-0.01786177395305405
0.0713125	-0.02024334381346126
0.07268749999999999	-0.022624913673868464
0.07406249999999999	-0.02500648353427567
0.07543749999999999	-0.02738805339468288
0.07681249999999998	-0.02976962325509009
0.0781875	-0.032151193115497294
0.07956249999999998	-0.0345327629759045
0.08093749999999998	-0.03691433283631171
0.08231249999999998	-0.03929590269671891
0.08368749999999997	-0.04167747255712612
0.08506249999999997	-0.044059042417533334
0.08643749999999997	-0.04644061227794053
0.08781249999999997	-0.04882218213834774
0.08918749999999996	-0.051203751998754946
0.09056249999999996	-0.053585321859162156
0.09193749999999996	-0.05596689171956937
0.09331249999999996	-0.05834846157997658
0.058937500000000004	-0.003572354790610807
0.060312500000000005	-0.005953924651018015
0.061687500000000006	-0.008335494511425222
0.06306250000000001	-0.01071706437183243
0.0644375	-0.013098634232239637
0.0658125	-0.015480204092646842
0.0671875	-0.01786177395305405
0.0685625	-0.020243343813461257
0.06993749999999999	-0.022624913673868464
0.07131249999999999	-0.02500648353427567
0.07268749999999999	-0.027388053394682876
0.07406249999999999	-0.029769623255090086
0.07543749999999999	-0.032151193115497294
0.07681249999999998	-0.0345327629759045
0.07818749999999998	-0.03691433283631171
0.07956249999999998	-0.03929590269671891
0.08093749999999998	-0.04167747255712612
0.08231249999999998	-0.044059042417533334
0.08368749999999997	-0.04644061227794053
0.08506249999999997	-0.04882218213834774
0.08643749999999997	-0.051203751998754946
0.08781249999999996	-0.053585321859162156
0.08918749999999996	-0.05596689171956937
0.09056249999999996	-0.05834846157997658
0.05618750000000001	-0.0035723547906108067
0.0575625	-0.005953924651018014
0.058937500000000004	-0.00833549451142522
0.060312500000000005	-0.010717064371832428
0.0616875	-0.013098634232239635
0.0630625	-0.015480204092646842
0.0644375	-0.01786177395305405
0.0658125	-0.020243343813461257
0.0671875	-0.022624913673868464
0.06856249999999998	-0.02500648353427567
0.06993749999999999	-0.027388053394682876
0.07131249999999999	-0.029769623255090086
0.07268749999999999	-0.032151193115497294
0.07406249999999998	-0.0345327629759045
0.07543749999999999	-0.03691433283631171
0.07681249999999998	-0.03929590269671891
0.07818749999999998	-0.04167747255712612
0.07956249999999998	-0.044059042417533334
0.08093749999999997	-0.04644061227794053
0.08231249999999997	-0.04882218213834774
0.08368749999999997	-0.051203751998754946
0.08506249999999997	-0.053585321859162156
0.08643749999999997	-0.05596689171956937
0.08781249999999996	-0.05834846157997658
0.053437500000000006	-0.0035723547906108062
0.0548125	-0.005953924651018013
0.0561875	-0.00833549451142522
0.0575625	-0.010717064371832428
0.0589375	-0.013098634232239635
0.06031249999999999	-0.01548020409264684
0.06168749999999999	-0.01786177395305405
0.0630625	-0.020243343813461257
0.0644375	-0.022624913673868464
0.06581249999999998	-0.02500648353427567
0.06718749999999998	-0.027388053394682876
0.06856249999999998	-0.029769623255090086
0.06993749999999999	-0.032151193115497294
0.07131249999999997	-0.0345327629759045
0.07268749999999999	-0.03691433283631171
0.07406249999999998	-0.03929590269671891
0.07543749999999998	-0.04167747255712612
0.07681249999999998	-0.044059042417533334
0.07818749999999997	-0.04644061227794053
0.07956249999999997	-0.04882218213834774
0.08093749999999997	-0.051203751998754946
0.08231249999999997	-0.053585321859162156
0.08368749999999997	-0.05596689171956937
0.08506249999999996	-0.05834846157997658
0.05068750000000001	-0.0035723547906108062
0.052062500000000005	-0.005953924651018013
0.0534375	-0.00833549451142522
0.0548125	-0.010717064371832428
0.0561875	-0.013098634232239635
0.057562499999999996	-0.01548020409264684
0.0589375	-0.01786177395305405
0.06031249999999999	-0.020243343813461257
0.06168749999999999	-0.022624913673868464
0.0630625	-0.02500648353427567
0.06443749999999998	-0.027388053394682876
0.06581249999999998	-0.029769623255090086
0.06718749999999998	-0.032151193115497294
0.06856249999999998	-0.0345327629759045
0.06993749999999999	-0.03691433283631171
0.07131249999999997	-0.03929590269671891
0.07268749999999997	-0.04167747255712612
0.07406249999999998	-0.044059042417533334
0.07543749999999996	-0.04644061227794053
0.07681249999999998	-0.04882218213834774
0.07818749999999997	-0.051203751998754946
0.07956249999999997	-0.053585321859162156
0.08093749999999997	-0.05596689171956937
0.08231249999999997	-0.05834846157997658
0.04793750000000001	-0.003572354790610806
0.04931250000000001	-0.005953924651018013
0.0506875	-0.00833549451142522
0.052062500000000005	-0.010717064371832428
0.0534375	-0.013098634232239635
0.0548125	-0.01548020409264684
0.0561875	-0.01786177395305405
0.057562499999999996	-0.020243343813461257
0.05893749999999999	-0.022624913673868464
0.06031249999999999	-0.02500648353427567
0.061687499999999985	-0.027388053394682876
0.0630625	-0.029769623255090086
0.06443749999999998	-0.032151193115497294
0.06581249999999998	-0.0345327629759045
0.06718749999999998	-0.03691433283631171
0.06856249999999997	-0.03929590269671891
0.06993749999999999	-0.04167747255712612
0.07131249999999997	-0.044059042417533334
0.07268749999999997	-0.04644061227794053
0.07406249999999998	-0.04882218213834774
0.07543749999999996	-0.051203751998754946
0.07681249999999996	-0.053585321859162156
0.07818749999999997	-0.05596689171956937
0.07956249999999997	-0.05834846157997658
0.045187500000000005	-0.0035723547906108054
0.04656250000000001	-0.005953924651018013
0.04793750000000001	-0.00833549451142522
0.0493125	-0.010717064371832428
0.0506875	-0.013098634232239635
0.0520625	-0.01548020409264684
0.0534375	-0.01786177395305405
0.0548125	-0.020243343813461257
0.056187499999999994	-0.022624913673868464
0.05756249999999999	-0.02500648353427567
0.05893749999999999	-0.027388053394682876
0.06031249999999999	-0.029769623255090086
0.06168749999999999	-0.032151193115497294
0.06306249999999998	-0.0345327629759045
0.06443749999999998	-0.03691433283631171
0.06581249999999998	-0.03929590269671891
0.06718749999999998	-0.04167747255712612
0.06856249999999997	-0.044059042417533334
0.06993749999999997	-0.04644061227794053
0.07131249999999997	-0.04882218213834774
0.07268749999999996	-0.051203751998754946
0.07406249999999998	-0.053585321859162156
0.07543749999999996	-0.05596689171956937
0.07681249999999996	-0.05834846157997658
0.04243750000000001	-0.003572354790610805
0.043812500000000004	-0.005953924651018012
0.045187500000000005	-0.00833549451142522
0.04656250000000001	-0.010717064371832428
0.0479375	-0.013098634232239635
0.049312499999999995	-0.015480204092646839
0.050687499999999996	-0.01786177395305405
0.0520625	-0.020243343813461257
0.0534375	-0.022624913673868464
0.05481249999999999	-0.02500648353427567
0.05618749999999999	-0.027388053394682876
0.05756249999999999	-0.029769623255090086
0.05893749999999999	-0.032151193115497294
0.060312499999999984	-0.0345327629759045
0.061687499999999985	-0.03691433283631171
0.06306249999999998	-0.03929590269671891
0.06443749999999998	-0.04167747255712612
0.06581249999999998	-0.044059042417533334
0.06718749999999997	-0.04644061227794053
0.06856249999999997	-0.04882218213834774
0.06993749999999997	-0.051203751998754946
0.07131249999999997	-0.053585321859162156
0.07268749999999996	-0.05596689171956937
0.07406249999999998	-0.05834846157997658
0.03968750000000001	-0.0035723547906108045
0.0410625	-0.005953924651018011
0.0424375	-0.008335494511425219
0.043812500000000004	-0.010717064371832426
0.0451875	-0.013098634232239633
0.04656249999999999	-0.015480204092646839
0.047937499999999994	-0.01786177395305405
0.049312499999999995	-0.020243343813461257
0.050687499999999996	-0.022624913673868464
0.05206249999999999	-0.02500648353427567
0.053437499999999985	-0.027388053394682876
0.054812499999999986	-0.029769623255090086
0.05618749999999999	-0.032151193115497294
0.05756249999999998	-0.0345327629759045
0.05893749999999998	-0.03691433283631171
0.06031249999999998	-0.03929590269671891
0.06168749999999998	-0.04167747255712612
0.06306249999999998	-0.044059042417533334
0.06443749999999997	-0.04644061227794053
0.06581249999999997	-0.04882218213834774
0.06718749999999997	-0.051203751998754946
0.06856249999999997	-0.053585321859162156
0.06993749999999996	-0.05596689171956937
0.07131249999999997	-0.05834846157997658
0.036937500000000005	-0.0035723547906108045
0.038312500000000006	-0.005953924651018011
0.0396875	-0.008335494511425219
0.0410625	-0.010717064371832426
0.042437499999999996	-0.013098634232239633
0.04381249999999999	-0.015480204092646839
0.04518749999999999	-0.01786177395305405
0.04656249999999999	-0.020243343813461257
0.047937499999999994	-0.022624913673868464
0.04931249999999999	-0.02500648353427567
0.05068749999999998	-0.027388053394682876
0.052062499999999984	-0.029769623255090086
0.053437499999999985	-0.032151193115497294
0.05481249999999998	-0.0345327629759045
0.05618749999999998	-0.03691433283631171
0.057562499999999975	-0.03929590269671891
0.058937499999999976	-0.04167747255712612
0.06031249999999998	-0.044059042417533334
0.061687499999999965	-0.04644061227794053
0.06306249999999997	-0.04882218213834774
0.06443749999999997	-0.051203751998754946
0.06581249999999997	-0.053585321859162156
0.06718749999999996	-0.05596689171956937
0.06856249999999997	-0.05834846157997658
0.03418750000000001	-0.003572354790610804
0.03556250000000001	-0.005953924651018011
0.036937500000000005	-0.008335494511425219
0.038312500000000006	-0.010717064371832426
0.0396875	-0.013098634232239633
0.0410625	-0.015480204092646839
0.0424375	-0.01786177395305405
0.0438125	-0.020243343813461254
0.04518749999999999	-0.022624913673868464
0.04656249999999999	-0.02500648353427567
0.04793749999999999	-0.027388053394682872
0.04931249999999999	-0.029769623255090083
0.05068749999999999	-0.032151193115497294
0.052062499999999984	-0.0345327629759045
0.053437499999999985	-0.03691433283631171
0.05481249999999998	-0.03929590269671891
0.05618749999999998	-0.04167747255712612
0.057562499999999975	-0.044059042417533334
0.058937499999999976	-0.04644061227794053
0.06031249999999998	-0.04882218213834774
0.061687499999999965	-0.051203751998754946
0.06306249999999997	-0.053585321859162156
0.06443749999999997	-0.05596689171956937
0.06581249999999997	-0.05834846157997658
0.03143750000000001	-0.0035723547906108036
0.03281250000000001	-0.005953924651018011
0.0341875	-0.008335494511425219
0.035562500000000004	-0.010717064371832426
0.0369375	-0.013098634232239633
0.0383125	-0.015480204092646839
0.0396875	-0.017861773953054046
0.041062499999999995	-0.020243343813461254
0.04243749999999999	-0.02262491367386846
0.04381249999999999	-0.025006483534275665
0.045187499999999985	-0.027388053394682872
0.046562499999999986	-0.029769623255090083
0.04793749999999999	-0.032151193115497294
0.04931249999999998	-0.0345327629759045
0.05068749999999998	-0.03691433283631171
0.05206249999999998	-0.03929590269671891
0.05343749999999998	-0.04167747255712612
0.05481249999999997	-0.044059042417533334
0.056187499999999974	-0.04644061227794053
0.057562499999999975	-0.04882218213834774
0.05893749999999996	-0.051203751998754946
0.06031249999999996	-0.053585321859162156
0.061687499999999965	-0.05596689171956937
0.06306249999999997	-0.05834846157997658
0.02868750000000001	-0.003572354790610803
0.030062500000000013	-0.0059539246510180105
0.03143750000000001	-0.008335494511425217
0.03281250000000001	-0.010717064371832424
0.0341875	-0.013098634232239632
0.035562500000000004	-0.015480204092646839
0.0369375	-0.017861773953054046
0.0383125	-0.020243343813461254
0.0396875	-0.02262491367386846
0.041062499999999995	-0.025006483534275665
0.04243749999999999	-0.027388053394682872
0.04381249999999999	-0.029769623255090083
0.04518749999999999	-0.032151193115497294
0.046562499999999986	-0.0345327629759045
0.04793749999999999	-0.03691433283631171
0.04931249999999998	-0.03929590269671891
0.05068749999999998	-0.04167747255712612
0.052062499999999984	-0.044059042417533334
0.05343749999999997	-0.04644061227794053
0.05481249999999997	-0.04882218213834774
0.056187499999999974	-0.051203751998754946
0.057562499999999975	-0.053585321859162156
0.05893749999999997	-0.05596689171956937
0.06031249999999997	-0.05834846157997658
0.02593750000000001	-0.003572354790610803
0.02731250000000001	-0.0059539246510180105
0.028687500000000005	-0.008335494511425217
0.030062500000000006	-0.010717064371832424
0.0314375	-0.013098634232239632
0.0328125	-0.015480204092646839
0.034187499999999996	-0.017861773953054046
0.0355625	-0.020243343813461254
0.0369375	-0.02262491367386846
0.03831249999999999	-0.025006483534275665
0.03968749999999999	-0.027388053394682872
0.04106249999999999	-0.029769623255090083
0.04243749999999999	-0.032151193115497294
0.04381249999999998	-0.0345327629759045
0.045187499999999985	-0.03691433283631171
0.04656249999999998	-0.03929590269671891
0.04793749999999998	-0.04167747255712612
0.04931249999999998	-0.044059042417533334
0.05068749999999997	-0.04644061227794053
0.05206249999999997	-0.04882218213834774
0.05343749999999997	-0.051203751998754946
0.05481249999999997	-0.053585321859162156
0.05618749999999997	-0.05596689171956937
0.05756249999999997	-0.05834846157997658
0.023187500000000007	-0.0035723547906108028
0.024562500000000008	-0.00595392465101801
0.025937500000000002	-0.008335494511425217
0.027312500000000003	-0.010717064371832424
0.028687499999999998	-0.013098634232239632
0.0300625	-0.015480204092646837
0.03143749999999999	-0.017861773953054046
0.032812499999999994	-0.020243343813461254
0.034187499999999996	-0.02262491367386846
0.03556249999999999	-0.025006483534275665
0.036937499999999984	-0.027388053394682872
0.038312499999999985	-0.029769623255090083
0.03968749999999999	-0.032151193115497294
0.04106249999999998	-0.0345327629759045
0.04243749999999998	-0.03691433283631171
0.043812499999999976	-0.03929590269671891
0.04518749999999998	-0.04167747255712612
0.04656249999999998	-0.044059042417533334
0.047937499999999966	-0.04644061227794053
0.04931249999999997	-0.04882218213834774
0.05068749999999997	-0.051203751998754946
0.05206249999999997	-0.053585321859162156
0.053437499999999964	-0.05596689171956937
0.054812499999999965	-0.05834846157997658
0.02043750000000001	-0.0035723547906108023
0.021812500000000012	-0.00595392465101801
0.023187500000000007	-0.008335494511425217
0.024562500000000008	-0.010717064371832424
0.025937500000000002	-0.013098634232239632
0.027312500000000003	-0.015480204092646837
0.028687500000000005	-0.017861773953054046
0.0300625	-0.020243343813461254
0.03143749999999999	-0.02262491367386846
0.032812499999999994	-0.025006483534275665
0.03418749999999999	-0.027388053394682872
0.03556249999999999	-0.029769623255090083
0.03693749999999999	-0.03215119311549729
0.038312499999999985	-0.03453276297590449
0.03968749999999999	-0.03691433283631171
0.04106249999999998	-0.03929590269671891
0.04243749999999998	-0.041677472557126116
0.043812499999999976	-0.044059042417533334
0.04518749999999998	-0.046440612277940524
0.04656249999999998	-0.04882218213834774
0.047937499999999966	-0.051203751998754946
0.04931249999999997	-0.05358532185916215
0.05068749999999997	-0.05596689171956937
0.05206249999999997	-0.05834846157997657
0.01768750000000001	-0.003572354790610802
0.01906250000000001	-0.00595392465101801
0.020437500000000004	-0.008335494511425217
0.021812500000000005	-0.010717064371832424
0.0231875	-0.013098634232239632
0.0245625	-0.015480204092646837
0.025937500000000002	-0.017861773953054046
0.027312499999999997	-0.020243343813461254
0.02868749999999999	-0.02262491367386846
0.030062499999999992	-0.025006483534275665
0.031437499999999986	-0.027388053394682872
0.03281249999999999	-0.029769623255090083
0.03418749999999999	-0.03215119311549729
0.03556249999999998	-0.03453276297590449
0.036937499999999984	-0.0369143328363117
0.03831249999999998	-0.039295902696718905
0.03968749999999998	-0.041677472557126116
0.041062499999999974	-0.04405904241753333
0.042437499999999975	-0.046440612277940524
0.043812499999999976	-0.048822182138347735
0.045187499999999964	-0.05120375199875494
0.046562499999999965	-0.05358532185916215
0.047937499999999966	-0.05596689171956936
0.04931249999999997	-0.05834846157997657
0.014937500000000013	-0.0035723547906108015
0.016312500000000014	-0.005953924651018009
0.01768750000000001	-0.008335494511425217
0.01906250000000001	-0.010717064371832424
0.020437500000000004	-0.013098634232239632
0.021812500000000005	-0.015480204092646836
0.0231875	-0.017861773953054046
0.0245625	-0.020243343813461254
0.025937500000000002	-0.02262491367386846
0.027312499999999997	-0.025006483534275665
0.02868749999999999	-0.027388053394682872
0.030062499999999992	-0.029769623255090083
0.03143749999999999	-0.03215119311549729
0.03281249999999999	-0.03453276297590449
0.03418749999999999	-0.0369143328363117
0.03556249999999998	-0.039295902696718905
0.036937499999999984	-0.041677472557126116
0.038312499999999985	-0.04405904241753333
0.03968749999999997	-0.046440612277940524
0.041062499999999974	-0.048822182138347735
0.042437499999999975	-0.05120375199875494
0.043812499999999976	-0.05358532185916215
0.04518749999999997	-0.05596689171956936
0.04656249999999997	-0.05834846157997657
0.01218750000000001	-0.0035723547906108015
0.013562500000000012	-0.005953924651018009
0.014937500000000006	-0.008335494511425217
0.016312500000000008	-0.010717064371832424
0.017687500000000002	-0.013098634232239632
0.019062500000000003	-0.015480204092646836
0.020437499999999997	-0.017861773953054046
0.0218125	-0.020243343813461254
0.0231875	-0.02262491367386846
0.024562499999999994	-0.025006483534275665
0.02593749999999999	-0.027388053394682872
0.02731249999999999	-0.029769623255090083
0.02868749999999999	-0.03215119311549729
0.030062499999999985	-0.03453276297590449
0.031437499999999986	-0.0369143328363117
0.03281249999999998	-0.039295902696718905
0.03418749999999998	-0.041677472557126116
0.03556249999999998	-0.04405904241753333
0.03693749999999997	-0.046440612277940524
0.03831249999999997	-0.048822182138347735
0.03968749999999997	-0.05120375199875494
0.041062499999999974	-0.05358532185916215
0.04243749999999997	-0.05596689171956936
0.04381249999999997	-0.05834846157997657
0.009437500000000015	-0.003572354790610801
0.010812500000000017	-0.005953924651018008
0.01218750000000001	-0.008335494511425215
0.013562500000000012	-0.010717064371832423
0.014937500000000006	-0.01309863423223963
0.016312500000000008	-0.015480204092646836
0.01768750000000001	-0.017861773953054046
0.019062500000000003	-0.020243343813461254
0.020437499999999997	-0.02262491367386846
0.0218125	-0.025006483534275665
0.023187499999999993	-0.027388053394682872
0.024562499999999994	-0.029769623255090083
0.025937499999999995	-0.03215119311549729
0.02731249999999999	-0.03453276297590449
0.02868749999999999	-0.0369143328363117
0.030062499999999985	-0.039295902696718905
0.031437499999999986	-0.041677472557126116
0.03281249999999998	-0.04405904241753333
0.03418749999999998	-0.046440612277940524
0.03556249999999998	-0.048822182138347735
0.03693749999999997	-0.05120375199875494
0.03831249999999997	-0.05358532185916215
0.03968749999999997	-0.05596689171956936
0.041062499999999974	-0.05834846157997657
0.006687500000000013	-0.0035723547906108006
0.008062500000000014	-0.005953924651018008
0.009437500000000015	-0.008335494511425215
0.01081250000000001	-0.010717064371832423
0.012187500000000004	-0.01309863423223963
0.013562500000000005	-0.015480204092646836
0.014937500000000006	-0.017861773953054043
0.0163125	-0.020243343813461254
0.017687499999999995	-0.022624913673868458
0.019062499999999996	-0.02500648353427566
0.02043749999999999	-0.027388053394682872
0.02181249999999999	-0.029769623255090083
0.023187499999999993	-0.03215119311549729
0.024562499999999987	-0.03453276297590449
0.02593749999999999	-0.0369143328363117
0.027312499999999983	-0.039295902696718905
0.028687499999999984	-0.041677472557126116
0.030062499999999978	-0.04405904241753333
0.03143749999999998	-0.046440612277940524
0.03281249999999998	-0.048822182138347735
0.03418749999999997	-0.05120375199875494
0.03556249999999997	-0.05358532185916215
0.03693749999999997	-0.05596689171956936
0.03831249999999997	-0.05834846157997657
