-0.03187499999999999	0.06235382907247959
-0.03049999999999999	0.0647353989328868
-0.02912499999999999	0.067116968793294
-0.02774999999999999	0.0694985386537012
-0.02637499999999999	0.07188010851410842
-0.024999999999999988	0.07426167837451562
-0.023624999999999986	0.07664324823492283
-0.02224999999999999	0.07902481809533003
-0.02087499999999999	0.08140638795573724
-0.01949999999999999	0.08378795781614444
-0.01812499999999999	0.08616952767655164
-0.016749999999999987	0.08855109753695886
-0.015374999999999986	0.09093266739736607
-0.013999999999999988	0.09331423725777327
-0.012624999999999987	0.09569580711818049
-0.01124999999999999	0.09807737697858768
-0.009874999999999988	0.1004589468389949
-0.008499999999999987	0.1028405166994021
-0.0071249999999999855	0.1052220865598093
-0.005749999999999984	0.1076036564202165
-0.00437499999999999	0.10998522628062371
-0.002999999999999989	0.11236679614103091
-0.0016249999999999876	0.11474836600143812
-0.00024999999999998634	0.11712993586184534
-0.03049999999999999	0.05997225921207239
-0.02912499999999999	0.06235382907247959
-0.02774999999999999	0.0647353989328868
-0.02637499999999999	0.067116968793294
-0.024999999999999988	0.0694985386537012
-0.02362499999999999	0.07188010851410842
-0.02224999999999999	0.07426167837451562
-0.020874999999999987	0.07664324823492283
-0.01949999999999999	0.07902481809533003
-0.01812499999999999	0.08140638795573724
-0.016749999999999987	0.08378795781614444
-0.015374999999999986	0.08616952767655164
-0.013999999999999985	0.08855109753695886
-0.012624999999999987	0.09093266739736607
-0.011249999999999986	0.09331423725777327
-0.009874999999999988	0.09569580711818047
-0.008499999999999987	0.09807737697858768
-0.0071249999999999855	0.1004589468389949
-0.005749999999999984	0.10284051669940208
-0.004374999999999983	0.1052220865598093
-0.002999999999999989	0.1076036564202165
-0.0016249999999999876	0.10998522628062371
-0.00024999999999998634	0.11236679614103093
0.0011250000000000149	0.11474836600143813
-0.02912499999999999	0.05759068935166518
-0.02774999999999999	0.05997225921207239
-0.02637499999999999	0.06235382907247959
-0.024999999999999988	0.0647353989328868
-0.02362499999999999	0.067116968793294
-0.02224999999999999	0.0694985386537012
-0.020874999999999987	0.07188010851410842
-0.01949999999999999	0.07426167837451562
-0.01812499999999999	0.07664324823492283
-0.016749999999999987	0.07902481809533003
-0.015374999999999986	0.08140638795573724
-0.013999999999999985	0.08378795781614445
-0.012624999999999983	0.08616952767655166
-0.01124999999999999	0.08855109753695886
-0.009874999999999988	0.09093266739736607
-0.008499999999999987	0.09331423725777327
-0.0071249999999999855	0.09569580711818047
-0.005749999999999984	0.09807737697858768
-0.004374999999999983	0.10045894683899488
-0.002999999999999982	0.10284051669940208
-0.0016249999999999876	0.1052220865598093
-0.00024999999999998634	0.10760365642021649
0.0011250000000000149	0.10998522628062371
0.002500000000000016	0.11236679614103093
-0.02774999999999999	0.05520911949125797
-0.02637499999999999	0.05759068935166518
-0.024999999999999988	0.05997225921207239
-0.02362499999999999	0.06235382907247959
-0.02224999999999999	0.0647353989328868
-0.02087499999999999	0.067116968793294
-0.01949999999999999	0.0694985386537012
-0.01812499999999999	0.07188010851410842
-0.016749999999999987	0.07426167837451562
-0.015374999999999986	0.07664324823492283
-0.013999999999999988	0.07902481809533003
-0.012624999999999987	0.08140638795573724
-0.011249999999999986	0.08378795781614445
-0.009874999999999988	0.08616952767655164
-0.008499999999999987	0.08855109753695886
-0.007124999999999989	0.09093266739736605
-0.005749999999999988	0.09331423725777327
-0.00437499999999999	0.09569580711818049
-0.002999999999999989	0.09807737697858768
-0.0016249999999999876	0.1004589468389949
-0.00024999999999998634	0.10284051669940208
0.0011250000000000149	0.1052220865598093
0.002500000000000016	0.1076036564202165
0.0038750000000000173	0.10998522628062371
-0.02637499999999999	0.05282754963085077
-0.024999999999999988	0.05520911949125797
-0.023624999999999986	0.05759068935166518
-0.02224999999999999	0.05997225921207239
-0.020874999999999987	0.06235382907247959
-0.01949999999999999	0.0647353989328868
-0.01812499999999999	0.067116968793294
-0.016749999999999987	0.06949853865370122
-0.015374999999999986	0.07188010851410842
-0.013999999999999985	0.07426167837451562
-0.012624999999999987	0.07664324823492283
-0.011249999999999986	0.07902481809533003
-0.009874999999999984	0.08140638795573724
-0.008499999999999987	0.08378795781614445
-0.0071249999999999855	0.08616952767655166
-0.005749999999999988	0.08855109753695886
-0.00437499999999999	0.09093266739736607
-0.002999999999999989	0.09331423725777327
-0.0016249999999999876	0.09569580711818047
-0.00024999999999998634	0.09807737697858768
0.0011250000000000149	0.1004589468389949
0.002500000000000016	0.10284051669940208
0.0038750000000000173	0.1052220865598093
0.0052500000000000185	0.10760365642021652
-0.024999999999999988	0.05044597977044356
-0.02362499999999999	0.05282754963085077
-0.02224999999999999	0.05520911949125797
-0.020874999999999987	0.057590689351665184
-0.01949999999999999	0.05997225921207239
-0.01812499999999999	0.06235382907247959
-0.016749999999999987	0.0647353989328868
-0.015374999999999986	0.06711696879329401
-0.013999999999999988	0.0694985386537012
-0.012624999999999987	0.07188010851410842
-0.01124999999999999	0.07426167837451562
-0.009874999999999988	0.07664324823492283
-0.008499999999999987	0.07902481809533003
-0.0071249999999999855	0.08140638795573724
-0.005749999999999984	0.08378795781614445
-0.00437499999999999	0.08616952767655164
-0.002999999999999989	0.08855109753695886
-0.0016249999999999876	0.09093266739736607
-0.00024999999999998634	0.09331423725777327
0.0011250000000000149	0.09569580711818047
0.002500000000000016	0.09807737697858768
0.0038750000000000173	0.10045894683899488
0.0052500000000000185	0.1028405166994021
0.00662500000000002	0.1052220865598093
-0.023624999999999986	0.048064409910036354
-0.02224999999999999	0.05044597977044356
-0.020874999999999987	0.05282754963085076
-0.019499999999999986	0.05520911949125797
-0.01812499999999999	0.05759068935166518
-0.016749999999999987	0.05997225921207239
-0.015374999999999986	0.06235382907247959
-0.013999999999999985	0.0647353989328868
-0.012624999999999987	0.067116968793294
-0.011249999999999986	0.0694985386537012
-0.009874999999999988	0.07188010851410842
-0.008499999999999987	0.07426167837451562
-0.0071249999999999855	0.07664324823492283
-0.005749999999999984	0.07902481809533003
-0.004374999999999983	0.08140638795573724
-0.002999999999999989	0.08378795781614444
-0.0016249999999999876	0.08616952767655164
-0.00024999999999998634	0.08855109753695886
0.0011250000000000149	0.09093266739736605
0.002500000000000016	0.09331423725777327
0.0038750000000000173	0.09569580711818047
0.0052500000000000185	0.09807737697858768
0.00662500000000002	0.1004589468389949
0.008000000000000021	0.1028405166994021
-0.02224999999999999	0.04568284004962915
-0.02087499999999999	0.048064409910036354
-0.01949999999999999	0.05044597977044356
-0.01812499999999999	0.05282754963085076
-0.016749999999999987	0.05520911949125797
-0.015374999999999986	0.05759068935166518
-0.013999999999999985	0.05997225921207239
-0.012624999999999987	0.06235382907247959
-0.01124999999999999	0.0647353989328868
-0.009874999999999988	0.067116968793294
-0.008499999999999987	0.0694985386537012
-0.0071249999999999855	0.07188010851410842
-0.005749999999999984	0.07426167837451562
-0.00437499999999999	0.07664324823492283
-0.002999999999999989	0.07902481809533003
-0.0016249999999999876	0.08140638795573724
-0.00024999999999998634	0.08378795781614444
0.0011250000000000149	0.08616952767655166
0.002500000000000016	0.08855109753695885
0.0038750000000000173	0.09093266739736607
0.0052500000000000185	0.09331423725777327
0.00662500000000002	0.09569580711818047
0.008000000000000021	0.09807737697858768
0.009375000000000022	0.1004589468389949
-0.02087499999999999	0.043301270189221946
-0.01949999999999999	0.04568284004962915
-0.01812499999999999	0.048064409910036354
-0.016749999999999987	0.05044597977044356
-0.01537499999999999	0.05282754963085077
-0.013999999999999988	0.05520911949125797
-0.012624999999999987	0.057590689351665184
-0.01124999999999999	0.05997225921207239
-0.009874999999999988	0.06235382907247959
-0.008499999999999987	0.0647353989328868
-0.0071249999999999855	0.067116968793294
-0.005749999999999984	0.0694985386537012
-0.004374999999999983	0.07188010851410842
-0.002999999999999989	0.07426167837451562
-0.0016249999999999876	0.07664324823492283
-0.00024999999999998634	0.07902481809533003
0.0011250000000000149	0.08140638795573724
0.002500000000000016	0.08378795781614445
0.0038750000000000173	0.08616952767655164
0.0052500000000000185	0.08855109753695886
0.006625000000000013	0.09093266739736607
0.008000000000000014	0.09331423725777327
0.009375000000000015	0.09569580711818047
0.010750000000000016	0.09807737697858769
-0.01949999999999999	0.04091970032881474
-0.01812499999999999	0.043301270189221946
-0.01674999999999999	0.04568284004962915
-0.01537499999999999	0.048064409910036354
-0.013999999999999988	0.050445979770443565
-0.01262499999999999	0.05282754963085077
-0.01124999999999999	0.05520911949125798
-0.009874999999999988	0.057590689351665184
-0.008499999999999987	0.05997225921207239
-0.0071249999999999855	0.06235382907247959
-0.005749999999999988	0.0647353989328868
-0.00437499999999999	0.06711696879329401
-0.002999999999999989	0.06949853865370122
-0.0016249999999999876	0.07188010851410842
-0.00024999999999998634	0.07426167837451562
0.0011250000000000149	0.07664324823492283
0.002500000000000016	0.07902481809533003
0.0038750000000000173	0.08140638795573725
0.0052500000000000185	0.08378795781614444
0.00662500000000002	0.08616952767655166
0.008000000000000014	0.08855109753695886
0.009375000000000015	0.09093266739736607
0.010750000000000016	0.09331423725777327
0.012125000000000018	0.09569580711818049
-0.01812499999999999	0.03853813046840753
-0.016749999999999987	0.04091970032881474
-0.01537499999999999	0.043301270189221946
-0.013999999999999988	0.04568284004962915
-0.012624999999999987	0.048064409910036354
-0.01124999999999999	0.05044597977044356
-0.009874999999999988	0.05282754963085077
-0.008499999999999987	0.05520911949125798
-0.0071249999999999855	0.057590689351665184
-0.005749999999999984	0.05997225921207239
-0.00437499999999999	0.06235382907247959
-0.002999999999999989	0.0647353989328868
-0.0016249999999999876	0.06711696879329401
-0.00024999999999998634	0.0694985386537012
0.0011250000000000149	0.07188010851410842
0.002500000000000016	0.07426167837451561
0.0038750000000000173	0.07664324823492283
0.0052500000000000185	0.07902481809533005
0.00662500000000002	0.08140638795573724
0.008000000000000021	0.08378795781614445
0.009375000000000015	0.08616952767655164
0.010750000000000016	0.08855109753695886
0.012125000000000018	0.09093266739736607
0.013500000000000019	0.09331423725777327
-0.016749999999999987	0.03615656060800032
-0.015374999999999986	0.03853813046840753
-0.013999999999999988	0.040919700328814736
-0.012624999999999987	0.043301270189221946
-0.011249999999999986	0.04568284004962915
-0.009874999999999988	0.048064409910036354
-0.008499999999999987	0.05044597977044356
-0.0071249999999999855	0.05282754963085077
-0.005749999999999984	0.05520911949125797
-0.004374999999999983	0.05759068935166518
-0.002999999999999989	0.05997225921207239
-0.0016249999999999876	0.06235382907247959
-0.00024999999999998634	0.0647353989328868
0.0011250000000000149	0.067116968793294
0.002500000000000016	0.06949853865370122
0.0038750000000000173	0.0718801085141084
0.0052500000000000185	0.07426167837451562
0.00662500000000002	0.07664324823492283
0.008000000000000021	0.07902481809533003
0.009375000000000022	0.08140638795573724
0.010750000000000016	0.08378795781614444
0.012125000000000018	0.08616952767655164
0.013500000000000019	0.08855109753695886
0.01487500000000002	0.09093266739736607
-0.015374999999999986	0.03377499074759312
-0.013999999999999985	0.03615656060800032
-0.012624999999999987	0.038538130468407525
-0.011249999999999986	0.040919700328814736
-0.009874999999999984	0.04330127018922194
-0.008499999999999987	0.04568284004962915
-0.0071249999999999855	0.048064409910036354
-0.005749999999999984	0.05044597977044356
-0.004374999999999983	0.05282754963085076
-0.002999999999999982	0.055209119491257966
-0.0016249999999999876	0.05759068935166518
-0.00024999999999998634	0.05997225921207239
0.0011250000000000149	0.06235382907247959
0.002500000000000016	0.0647353989328868
0.0038750000000000173	0.06711696879329401
0.0052500000000000185	0.0694985386537012
0.00662500000000002	0.07188010851410842
0.008000000000000021	0.07426167837451562
0.009375000000000022	0.07664324823492283
0.010750000000000023	0.07902481809533003
0.012125000000000018	0.08140638795573724
0.013500000000000019	0.08378795781614444
0.01487500000000002	0.08616952767655164
0.01625000000000002	0.08855109753695886
-0.013999999999999988	0.03139342088718591
-0.012624999999999987	0.03377499074759312
-0.01124999999999999	0.03615656060800032
-0.009874999999999988	0.03853813046840753
-0.008499999999999987	0.040919700328814736
-0.0071249999999999855	0.043301270189221946
-0.005749999999999984	0.04568284004962915
-0.00437499999999999	0.048064409910036354
-0.002999999999999989	0.05044597977044356
-0.0016249999999999876	0.05282754963085076
-0.00024999999999998634	0.05520911949125797
0.0011250000000000149	0.057590689351665184
0.002500000000000016	0.05997225921207239
0.0038750000000000173	0.06235382907247959
0.0052500000000000185	0.0647353989328868
0.006625000000000013	0.067116968793294
0.008000000000000014	0.0694985386537012
0.009375000000000015	0.07188010851410842
0.010750000000000016	0.07426167837451561
0.012125000000000018	0.07664324823492283
0.013500000000000012	0.07902481809533003
0.014875000000000013	0.08140638795573724
0.016250000000000014	0.08378795781614445
0.017625000000000016	0.08616952767655166
-0.012624999999999987	0.029011851026778702
-0.011249999999999986	0.03139342088718591
-0.009874999999999988	0.03377499074759312
-0.008499999999999987	0.03615656060800032
-0.0071249999999999855	0.038538130468407525
-0.005749999999999984	0.04091970032881473
-0.004374999999999983	0.04330127018922194
-0.002999999999999989	0.04568284004962915
-0.0016249999999999876	0.048064409910036354
-0.00024999999999998634	0.05044597977044356
0.0011250000000000149	0.05282754963085076
0.002500000000000016	0.055209119491257966
0.0038750000000000173	0.05759068935166518
0.0052500000000000185	0.05997225921207238
0.00662500000000002	0.06235382907247959
0.008000000000000014	0.0647353989328868
0.009375000000000015	0.067116968793294
0.010750000000000016	0.0694985386537012
0.012125000000000018	0.0718801085141084
0.013500000000000019	0.07426167837451561
0.014875000000000013	0.07664324823492283
0.016250000000000014	0.07902481809533002
0.017625000000000016	0.08140638795573724
0.019000000000000017	0.08378795781614445
-0.01124999999999999	0.026630281166371506
-0.009874999999999988	0.02901185102677871
-0.00849999999999999	0.03139342088718591
-0.007124999999999989	0.033774990747593124
-0.005749999999999988	0.03615656060800033
-0.00437499999999999	0.03853813046840754
-0.002999999999999989	0.04091970032881474
-0.0016249999999999876	0.043301270189221946
-0.00024999999999998634	0.04568284004962915
0.0011250000000000149	0.048064409910036354
0.002500000000000016	0.050445979770443565
0.0038750000000000173	0.052827549630850776
0.0052500000000000185	0.05520911949125798
0.006625000000000013	0.057590689351665184
0.008000000000000014	0.059972259212072394
0.009375000000000008	0.06235382907247959
0.01075000000000001	0.0647353989328868
0.01212500000000001	0.06711696879329401
0.013500000000000012	0.0694985386537012
0.014875000000000013	0.07188010851410842
0.016250000000000014	0.07426167837451562
0.017625000000000016	0.07664324823492283
0.019000000000000017	0.07902481809533005
0.020375000000000018	0.08140638795573725
-0.009874999999999988	0.024248711305964295
-0.008499999999999987	0.0266302811663715
-0.007124999999999989	0.02901185102677871
-0.005749999999999988	0.03139342088718591
-0.00437499999999999	0.03377499074759312
-0.002999999999999989	0.03615656060800032
-0.0016249999999999876	0.03853813046840753
-0.00024999999999998634	0.04091970032881474
0.0011250000000000149	0.043301270189221946
0.002500000000000016	0.04568284004962915
0.0038750000000000173	0.048064409910036354
0.0052500000000000185	0.05044597977044356
0.00662500000000002	0.05282754963085077
0.008000000000000014	0.05520911949125797
0.009375000000000015	0.057590689351665184
0.01075000000000001	0.05997225921207238
0.01212500000000001	0.06235382907247959
0.013500000000000012	0.0647353989328868
0.014875000000000013	0.067116968793294
0.016250000000000014	0.0694985386537012
0.017625000000000016	0.07188010851410842
0.019000000000000017	0.07426167837451561
0.020375000000000018	0.07664324823492283
0.02175000000000002	0.07902481809533005
-0.008499999999999987	0.021867141445557084
-0.0071249999999999855	0.024248711305964288
-0.005749999999999988	0.0266302811663715
-0.004374999999999983	0.029011851026778702
-0.002999999999999989	0.031393420887185906
-0.0016249999999999876	0.03377499074759312
-0.00024999999999998634	0.03615656060800032
0.0011250000000000149	0.038538130468407525
0.002500000000000016	0.04091970032881473
0.0038750000000000173	0.04330127018922193
0.0052500000000000185	0.04568284004962914
0.00662500000000002	0.048064409910036354
0.008000000000000021	0.05044597977044356
0.009375000000000015	0.05282754963085076
0.010750000000000016	0.05520911949125797
0.01212500000000001	0.05759068935166517
0.013500000000000012	0.05997225921207238
0.014875000000000013	0.06235382907247959
0.016250000000000014	0.0647353989328868
0.017625000000000016	0.067116968793294
0.019000000000000017	0.0694985386537012
0.020375000000000018	0.0718801085141084
0.02175000000000002	0.07426167837451561
0.02312500000000002	0.07664324823492283
-0.0071249999999999855	0.019485571585149887
-0.005749999999999984	0.02186714144555709
-0.004374999999999983	0.0242487113059643
-0.002999999999999982	0.026630281166371506
-0.0016249999999999876	0.02901185102677871
-0.00024999999999998634	0.03139342088718591
0.0011250000000000149	0.033774990747593124
0.002500000000000016	0.036156560608000335
0.0038750000000000173	0.03853813046840754
0.0052500000000000185	0.04091970032881474
0.00662500000000002	0.043301270189221946
0.008000000000000021	0.04568284004962915
0.009375000000000022	0.04806440991003636
0.010750000000000016	0.050445979770443565
0.012125000000000018	0.052827549630850776
0.013500000000000012	0.05520911949125797
0.014875000000000013	0.057590689351665184
0.016250000000000014	0.059972259212072394
0.017625000000000016	0.06235382907247959
0.019000000000000017	0.0647353989328868
0.020375000000000018	0.06711696879329401
0.02175000000000002	0.0694985386537012
0.02312500000000002	0.07188010851410842
0.024500000000000022	0.07426167837451564
-0.005749999999999984	0.017104001724742676
-0.004374999999999983	0.01948557158514988
-0.002999999999999982	0.02186714144555709
-0.0016249999999999806	0.024248711305964295
-0.00024999999999998634	0.0266302811663715
0.0011250000000000149	0.02901185102677871
0.002500000000000016	0.03139342088718591
0.0038750000000000173	0.03377499074759312
0.0052500000000000185	0.03615656060800032
0.00662500000000002	0.038538130468407525
0.008000000000000021	0.040919700328814736
0.009375000000000022	0.043301270189221946
0.010750000000000023	0.04568284004962915
0.012125000000000018	0.048064409910036354
0.013500000000000019	0.050445979770443565
0.014875000000000013	0.05282754963085076
0.016250000000000014	0.05520911949125797
0.017625000000000016	0.057590689351665184
0.019000000000000017	0.05997225921207238
0.020375000000000018	0.06235382907247959
0.02175000000000002	0.0647353989328868
0.02312500000000002	0.067116968793294
0.024500000000000022	0.0694985386537012
0.025875000000000023	0.07188010851410842
-0.00437499999999999	0.014722431864335472
-0.002999999999999989	0.017104001724742676
-0.0016249999999999876	0.019485571585149887
-0.00024999999999998634	0.02186714144555709
0.001125000000000008	0.024248711305964295
0.002500000000000009	0.026630281166371506
0.0038750000000000104	0.02901185102677871
0.005250000000000012	0.03139342088718591
0.006625000000000013	0.03377499074759312
0.008000000000000014	0.03615656060800032
0.009375000000000008	0.03853813046840753
0.01075000000000001	0.04091970032881474
0.01212500000000001	0.043301270189221946
0.013500000000000012	0.04568284004962915
0.014875000000000013	0.04806440991003636
0.016250000000000014	0.05044597977044356
0.017625000000000016	0.05282754963085077
0.019000000000000017	0.05520911949125798
0.020375000000000018	0.05759068935166518
0.02175000000000002	0.05997225921207239
0.023125000000000014	0.06235382907247959
0.024500000000000015	0.0647353989328868
0.025875000000000016	0.06711696879329401
0.02725000000000001	0.06949853865370122
-0.002999999999999989	0.012340862003928268
-0.0016249999999999876	0.014722431864335472
-0.00024999999999998634	0.017104001724742683
0.0011250000000000149	0.019485571585149887
0.002500000000000009	0.02186714144555709
0.0038750000000000104	0.0242487113059643
0.005250000000000012	0.026630281166371506
0.006625000000000013	0.02901185102677871
0.008000000000000014	0.03139342088718591
0.009375000000000015	0.03377499074759312
0.01075000000000001	0.03615656060800033
0.01212500000000001	0.03853813046840754
0.013500000000000012	0.04091970032881474
0.014875000000000013	0.043301270189221946
0.016250000000000014	0.04568284004962916
0.017625000000000016	0.048064409910036354
0.019000000000000017	0.050445979770443565
0.020375000000000018	0.052827549630850776
0.02175000000000002	0.05520911949125797
0.02312500000000002	0.057590689351665184
0.024500000000000015	0.05997225921207239
0.025875000000000016	0.06235382907247959
0.02725000000000001	0.0647353989328868
0.028625000000000025	0.06711696879329401
-0.0016249999999999876	0.009959292143521058
-0.00024999999999998634	0.012340862003928262
0.0011250000000000149	0.014722431864335472
0.002500000000000016	0.017104001724742676
0.0038750000000000104	0.01948557158514988
0.005250000000000012	0.021867141445557084
0.006625000000000013	0.024248711305964295
0.008000000000000014	0.026630281166371506
0.009375000000000015	0.02901185102677871
0.010750000000000016	0.03139342088718591
0.01212500000000001	0.03377499074759312
0.013500000000000012	0.03615656060800032
0.014875000000000013	0.03853813046840753
0.016250000000000014	0.040919700328814736
0.017625000000000016	0.043301270189221946
0.019000000000000017	0.04568284004962914
0.020375000000000018	0.048064409910036354
0.02175000000000002	0.050445979770443565
0.02312500000000002	0.05282754963085076
0.024500000000000022	0.05520911949125797
0.025875000000000016	0.05759068935166518
0.02725000000000001	0.05997225921207238
0.028625000000000025	0.06235382907247959
0.030000000000000013	0.0647353989328868
-0.00024999999999998634	0.007577722283113847
0.0011250000000000149	0.00995929214352105
0.002500000000000016	0.012340862003928262
0.0038750000000000173	0.014722431864335465
0.005250000000000012	0.01710400172474267
0.006625000000000013	0.01948557158514988
0.008000000000000014	0.021867141445557084
0.009375000000000015	0.024248711305964288
0.010750000000000016	0.02663028116637149
0.012125000000000018	0.029011851026778696
0.013500000000000012	0.031393420887185906
0.014875000000000013	0.03377499074759312
0.016250000000000014	0.03615656060800032
0.017625000000000016	0.038538130468407525
0.019000000000000017	0.040919700328814736
0.020375000000000018	0.04330127018922193
0.02175000000000002	0.04568284004962914
0.02312500000000002	0.048064409910036354
0.024500000000000022	0.05044597977044355
0.025875000000000023	0.05282754963085076
0.02725000000000001	0.055209119491257966
0.028625000000000025	0.05759068935166517
0.030000000000000013	0.05997225921207238
0.03137500000000003	0.06235382907247959
-0.03806249999999999	0.0659261838630904
-0.04081249999999999	0.0659261838630904
-0.04356249999999999	0.0659261838630904
-0.04631249999999999	0.0659261838630904
-0.04906249999999999	0.0659261838630904
-0.051812499999999984	0.0659261838630904
-0.054562499999999986	0.0659261838630904
-0.05731249999999999	0.0659261838630904
-0.06006249999999999	0.0659261838630904
-0.0628125	0.0659261838630904
-0.06556249999999998	0.0659261838630904
-0.0683125	0.0659261838630904
-0.0710625	0.0659261838630904
-0.07381249999999999	0.0659261838630904
-0.07656249999999999	0.0659261838630904
-0.07931249999999998	0.0659261838630904
-0.08206249999999998	0.0659261838630904
-0.08481249999999999	0.0659261838630904
-0.08756249999999999	0.0659261838630904
-0.09031249999999999	0.0659261838630904
-0.09306249999999999	0.0659261838630904
-0.0958125	0.0659261838630904
-0.09856249999999998	0.0659261838630904
-0.10131249999999999	0.0659261838630904
-0.03668749999999999	0.06830775372349761
-0.039437499999999986	0.06830775372349761
-0.04218749999999999	0.06830775372349761
-0.04493749999999999	0.06830775372349761
-0.04768749999999999	0.06830775372349761
-0.05043749999999999	0.06830775372349761
-0.05318749999999999	0.06830775372349761
-0.05593749999999999	0.06830775372349761
-0.05868749999999999	0.06830775372349761
-0.06143749999999999	0.06830775372349761
-0.06418749999999998	0.06830775372349761
-0.06693749999999998	0.06830775372349761
-0.06968749999999999	0.06830775372349761
-0.07243749999999999	0.06830775372349761
-0.07518749999999999	0.06830775372349761
-0.07793749999999999	0.06830775372349761
-0.0806875	0.06830775372349761
-0.0834375	0.06830775372349761
-0.08618749999999999	0.06830775372349761
-0.08893749999999999	0.06830775372349761
-0.09168749999999998	0.06830775372349761
-0.09443749999999998	0.06830775372349761
-0.09718749999999998	0.06830775372349762
-0.09993749999999998	0.06830775372349762
-0.03531249999999999	0.07068932358390481
-0.03806249999999999	0.07068932358390481
-0.04081249999999999	0.07068932358390481
-0.04356249999999999	0.07068932358390481
-0.04631249999999999	0.07068932358390481
-0.04906249999999999	0.07068932358390481
-0.05181249999999999	0.07068932358390481
-0.054562499999999986	0.07068932358390481
-0.05731249999999999	0.07068932358390481
-0.06006249999999999	0.07068932358390481
-0.0628125	0.07068932358390481
-0.0655625	0.07068932358390481
-0.0683125	0.07068932358390481
-0.07106249999999999	0.07068932358390481
-0.07381249999999999	0.07068932358390481
-0.07656249999999998	0.07068932358390481
-0.07931249999999998	0.07068932358390481
-0.08206249999999998	0.07068932358390481
-0.08481249999999999	0.07068932358390481
-0.08756249999999999	0.07068932358390483
-0.09031249999999999	0.07068932358390483
-0.09306249999999999	0.07068932358390483
-0.0958125	0.07068932358390483
-0.09856249999999998	0.07068932358390483
-0.03393749999999999	0.07307089344431202
-0.03668749999999999	0.07307089344431202
-0.039437499999999986	0.07307089344431202
-0.04218749999999999	0.07307089344431202
-0.04493749999999999	0.07307089344431202
-0.04768749999999999	0.07307089344431202
-0.05043749999999999	0.07307089344431202
-0.053187499999999985	0.07307089344431202
-0.05593749999999999	0.07307089344431203
-0.05868749999999999	0.07307089344431203
-0.061437499999999985	0.07307089344431203
-0.06418749999999998	0.07307089344431203
-0.06693749999999998	0.07307089344431203
-0.06968749999999999	0.07307089344431203
-0.07243749999999999	0.07307089344431203
-0.07518749999999999	0.07307089344431203
-0.07793749999999999	0.07307089344431203
-0.0806875	0.07307089344431203
-0.08343749999999998	0.07307089344431203
-0.08618749999999999	0.07307089344431203
-0.08893749999999997	0.07307089344431203
-0.09168749999999998	0.07307089344431203
-0.09443749999999998	0.07307089344431203
-0.09718749999999998	0.07307089344431203
-0.03256249999999999	0.07545246330471922
-0.03531249999999999	0.07545246330471922
-0.038062499999999985	0.07545246330471922
-0.04081249999999999	0.07545246330471922
-0.04356249999999999	0.07545246330471922
-0.046312499999999986	0.07545246330471922
-0.04906249999999999	0.07545246330471922
-0.05181249999999999	0.07545246330471922
-0.054562499999999986	0.07545246330471923
-0.05731249999999999	0.07545246330471923
-0.060062499999999984	0.07545246330471923
-0.0628125	0.07545246330471923
-0.0655625	0.07545246330471923
-0.06831249999999998	0.07545246330471923
-0.07106249999999999	0.07545246330471923
-0.07381249999999998	0.07545246330471923
-0.07656249999999998	0.07545246330471923
-0.07931249999999998	0.07545246330471923
-0.08206249999999998	0.07545246330471923
-0.08481249999999999	0.07545246330471923
-0.08756249999999999	0.07545246330471923
-0.09031249999999999	0.07545246330471923
-0.09306249999999999	0.07545246330471923
-0.0958125	0.07545246330471923
-0.03118749999999999	0.07783403316512644
-0.03393749999999999	0.07783403316512644
-0.03668749999999999	0.07783403316512644
-0.039437499999999986	0.07783403316512644
-0.04218749999999999	0.07783403316512644
-0.04493749999999999	0.07783403316512644
-0.047687499999999994	0.07783403316512644
-0.05043749999999999	0.07783403316512644
-0.053187499999999985	0.07783403316512644
-0.05593749999999999	0.07783403316512644
-0.05868749999999999	0.07783403316512644
-0.06143749999999999	0.07783403316512644
-0.0641875	0.07783403316512644
-0.06693749999999998	0.07783403316512644
-0.06968749999999999	0.07783403316512644
-0.07243749999999999	0.07783403316512644
-0.07518749999999999	0.07783403316512644
-0.07793749999999999	0.07783403316512644
-0.08068749999999998	0.07783403316512644
-0.08343749999999998	0.07783403316512644
-0.08618749999999997	0.07783403316512644
-0.08893749999999997	0.07783403316512644
-0.09168749999999998	0.07783403316512644
-0.09443749999999998	0.07783403316512644
-0.02981249999999999	0.08021560302553364
-0.03256249999999999	0.08021560302553364
-0.03531249999999999	0.08021560302553364
-0.038062499999999985	0.08021560302553364
-0.04081249999999999	0.08021560302553364
-0.04356249999999998	0.08021560302553364
-0.04631249999999999	0.08021560302553364
-0.04906249999999999	0.08021560302553364
-0.051812499999999984	0.08021560302553364
-0.054562499999999986	0.08021560302553364
-0.05731249999999999	0.08021560302553364
-0.06006249999999999	0.08021560302553364
-0.0628125	0.08021560302553364
-0.06556249999999998	0.08021560302553364
-0.06831249999999998	0.08021560302553364
-0.07106249999999997	0.08021560302553364
-0.07381249999999998	0.08021560302553364
-0.07656249999999998	0.08021560302553364
-0.07931249999999998	0.08021560302553364
-0.08206249999999998	0.08021560302553364
-0.08481249999999999	0.08021560302553364
-0.08756249999999999	0.08021560302553364
-0.09031249999999999	0.08021560302553364
-0.09306249999999999	0.08021560302553364
-0.028437499999999987	0.08259717288594084
-0.031187499999999986	0.08259717288594084
-0.03393749999999999	0.08259717288594084
-0.03668749999999999	0.08259717288594084
-0.039437499999999986	0.08259717288594084
-0.04218749999999999	0.08259717288594084
-0.04493749999999999	0.08259717288594084
-0.04768749999999999	0.08259717288594084
-0.05043749999999998	0.08259717288594084
-0.053187499999999985	0.08259717288594084
-0.05593749999999999	0.08259717288594084
-0.05868749999999999	0.08259717288594084
-0.06143749999999999	0.08259717288594084
-0.06418749999999998	0.08259717288594084
-0.06693749999999998	0.08259717288594084
-0.06968749999999999	0.08259717288594084
-0.07243749999999999	0.08259717288594084
-0.07518749999999999	0.08259717288594084
-0.07793749999999999	0.08259717288594084
-0.0806875	0.08259717288594084
-0.08343749999999998	0.08259717288594084
-0.08618749999999999	0.08259717288594084
-0.08893749999999999	0.08259717288594084
-0.09168749999999999	0.08259717288594084
-0.02706249999999999	0.08497874274634805
-0.02981249999999999	0.08497874274634805
-0.03256249999999999	0.08497874274634805
-0.03531249999999999	0.08497874274634805
-0.038062499999999985	0.08497874274634805
-0.04081249999999999	0.08497874274634805
-0.04356249999999999	0.08497874274634805
-0.04631249999999999	0.08497874274634805
-0.04906249999999999	0.08497874274634805
-0.051812499999999984	0.08497874274634805
-0.054562499999999986	0.08497874274634805
-0.05731249999999999	0.08497874274634805
-0.06006249999999999	0.08497874274634805
-0.0628125	0.08497874274634805
-0.0655625	0.08497874274634805
-0.06831249999999998	0.08497874274634805
-0.07106249999999999	0.08497874274634806
-0.07381249999999999	0.08497874274634806
-0.07656249999999998	0.08497874274634806
-0.07931249999999998	0.08497874274634806
-0.08206249999999998	0.08497874274634806
-0.08481249999999999	0.08497874274634806
-0.08756249999999999	0.08497874274634806
-0.09031249999999999	0.08497874274634806
-0.025687499999999988	0.08736031260675525
-0.028437499999999987	0.08736031260675525
-0.031187499999999986	0.08736031260675525
-0.03393749999999999	0.08736031260675525
-0.036687499999999984	0.08736031260675525
-0.039437499999999986	0.08736031260675525
-0.04218749999999999	0.08736031260675525
-0.04493749999999999	0.08736031260675525
-0.04768749999999999	0.08736031260675525
-0.05043749999999998	0.08736031260675525
-0.053187499999999985	0.08736031260675525
-0.05593749999999999	0.08736031260675525
-0.05868749999999999	0.08736031260675525
-0.061437499999999985	0.08736031260675525
-0.06418749999999998	0.08736031260675525
-0.06693749999999998	0.08736031260675525
-0.06968749999999999	0.08736031260675525
-0.07243749999999999	0.08736031260675525
-0.07518749999999999	0.08736031260675525
-0.07793749999999999	0.08736031260675525
-0.08068749999999998	0.08736031260675525
-0.08343749999999998	0.08736031260675525
-0.08618749999999999	0.08736031260675525
-0.08893749999999999	0.08736031260675525
-0.024312499999999987	0.08974188246716246
-0.027062499999999986	0.08974188246716246
-0.029812499999999985	0.08974188246716246
-0.03256249999999999	0.08974188246716246
-0.03531249999999998	0.08974188246716246
-0.038062499999999985	0.08974188246716246
-0.04081249999999999	0.08974188246716247
-0.04356249999999999	0.08974188246716247
-0.046312499999999986	0.08974188246716247
-0.04906249999999998	0.08974188246716247
-0.051812499999999984	0.08974188246716247
-0.054562499999999986	0.08974188246716247
-0.05731249999999999	0.08974188246716247
-0.060062499999999984	0.08974188246716247
-0.0628125	0.08974188246716247
-0.06556249999999998	0.08974188246716247
-0.06831249999999998	0.08974188246716247
-0.07106249999999999	0.08974188246716247
-0.07381249999999998	0.08974188246716247
-0.07656249999999998	0.08974188246716247
-0.07931249999999998	0.08974188246716247
-0.08206249999999998	0.08974188246716247
-0.08481249999999999	0.08974188246716247
-0.08756249999999999	0.08974188246716247
-0.022937499999999986	0.09212345232756966
-0.025687499999999985	0.09212345232756966
-0.028437499999999984	0.09212345232756966
-0.031187499999999986	0.09212345232756966
-0.03393749999999998	0.09212345232756966
-0.036687499999999984	0.09212345232756966
-0.039437499999999986	0.09212345232756967
-0.04218749999999999	0.09212345232756967
-0.044937499999999984	0.09212345232756967
-0.04768749999999998	0.09212345232756967
-0.05043749999999998	0.09212345232756967
-0.053187499999999985	0.09212345232756967
-0.05593749999999999	0.09212345232756967
-0.05868749999999998	0.09212345232756967
-0.061437499999999985	0.09212345232756967
-0.06418749999999998	0.09212345232756967
-0.06693749999999998	0.09212345232756967
-0.06968749999999999	0.09212345232756967
-0.07243749999999999	0.09212345232756967
-0.07518749999999999	0.09212345232756967
-0.07793749999999998	0.09212345232756967
-0.08068749999999998	0.09212345232756967
-0.08343749999999998	0.09212345232756967
-0.08618749999999999	0.09212345232756967
-0.021562499999999984	0.09450502218797688
-0.024312499999999983	0.09450502218797688
-0.027062499999999982	0.09450502218797688
-0.029812499999999985	0.09450502218797688
-0.03256249999999998	0.09450502218797688
-0.03531249999999998	0.09450502218797688
-0.038062499999999985	0.09450502218797688
-0.04081249999999999	0.09450502218797688
-0.04356249999999998	0.09450502218797688
-0.04631249999999998	0.09450502218797688
-0.04906249999999998	0.09450502218797688
-0.051812499999999984	0.09450502218797688
-0.054562499999999986	0.09450502218797688
-0.05731249999999998	0.09450502218797688
-0.060062499999999984	0.09450502218797688
-0.06281249999999998	0.09450502218797688
-0.06556249999999998	0.09450502218797688
-0.06831249999999998	0.09450502218797688
-0.07106249999999997	0.09450502218797688
-0.07381249999999998	0.09450502218797688
-0.07656249999999998	0.09450502218797688
-0.07931249999999998	0.09450502218797688
-0.08206249999999998	0.09450502218797688
-0.08481249999999999	0.09450502218797688
-0.020187499999999987	0.09688659204838408
-0.022937499999999986	0.09688659204838408
-0.025687499999999988	0.09688659204838408
-0.028437499999999987	0.09688659204838408
-0.031187499999999986	0.09688659204838408
-0.03393749999999998	0.09688659204838408
-0.036687499999999984	0.09688659204838408
-0.039437499999999986	0.09688659204838408
-0.04218749999999999	0.09688659204838408
-0.044937499999999984	0.09688659204838408
-0.04768749999999998	0.09688659204838408
-0.05043749999999998	0.0968865920483841
-0.053187499999999985	0.0968865920483841
-0.05593749999999999	0.0968865920483841
-0.05868749999999999	0.0968865920483841
-0.06143749999999998	0.0968865920483841
-0.06418749999999998	0.0968865920483841
-0.06693749999999998	0.0968865920483841
-0.06968749999999999	0.0968865920483841
-0.07243749999999999	0.0968865920483841
-0.07518749999999998	0.0968865920483841
-0.07793749999999998	0.0968865920483841
-0.08068749999999998	0.0968865920483841
-0.08343749999999998	0.0968865920483841
-0.018812499999999985	0.09926816190879129
-0.021562499999999984	0.09926816190879129
-0.024312499999999987	0.09926816190879129
-0.027062499999999986	0.09926816190879129
-0.029812499999999985	0.09926816190879129
-0.03256249999999998	0.09926816190879129
-0.03531249999999998	0.09926816190879129
-0.038062499999999985	0.09926816190879129
-0.04081249999999999	0.09926816190879129
-0.04356249999999998	0.09926816190879129
-0.04631249999999998	0.09926816190879129
-0.04906249999999998	0.0992681619087913
-0.051812499999999984	0.0992681619087913
-0.054562499999999986	0.0992681619087913
-0.05731249999999999	0.0992681619087913
-0.06006249999999998	0.0992681619087913
-0.06281249999999998	0.0992681619087913
-0.06556249999999998	0.0992681619087913
-0.06831249999999998	0.0992681619087913
-0.07106249999999999	0.0992681619087913
-0.07381249999999998	0.0992681619087913
-0.07656249999999998	0.0992681619087913
-0.07931249999999998	0.0992681619087913
-0.08206249999999998	0.0992681619087913
-0.017437499999999988	0.10164973176919849
-0.020187499999999987	0.10164973176919849
-0.022937499999999986	0.10164973176919849
-0.025687499999999988	0.10164973176919849
-0.028437499999999987	0.10164973176919849
-0.031187499999999986	0.10164973176919849
-0.03393749999999999	0.10164973176919849
-0.036687499999999984	0.10164973176919849
-0.039437499999999986	0.10164973176919849
-0.04218749999999999	0.10164973176919849
-0.044937499999999984	0.10164973176919849
-0.04768749999999999	0.1016497317691985
-0.05043749999999999	0.1016497317691985
-0.053187499999999985	0.1016497317691985
-0.05593749999999999	0.1016497317691985
-0.05868749999999998	0.1016497317691985
-0.061437499999999985	0.1016497317691985
-0.06418749999999998	0.1016497317691985
-0.06693749999999998	0.1016497317691985
-0.06968749999999999	0.1016497317691985
-0.07243749999999999	0.1016497317691985
-0.07518749999999999	0.1016497317691985
-0.07793749999999999	0.1016497317691985
-0.0806875	0.1016497317691985
-0.016062499999999987	0.1040313016296057
-0.018812499999999985	0.1040313016296057
-0.021562499999999984	0.1040313016296057
-0.024312499999999987	0.1040313016296057
-0.027062499999999986	0.1040313016296057
-0.029812499999999985	0.1040313016296057
-0.03256249999999999	0.1040313016296057
-0.03531249999999998	0.1040313016296057
-0.038062499999999985	0.1040313016296057
-0.04081249999999999	0.1040313016296057
-0.04356249999999998	0.1040313016296057
-0.046312499999999986	0.10403130162960571
-0.04906249999999999	0.10403130162960571
-0.051812499999999984	0.10403130162960571
-0.054562499999999986	0.10403130162960571
-0.05731249999999998	0.10403130162960571
-0.060062499999999984	0.10403130162960571
-0.0628125	0.10403130162960571
-0.06556249999999998	0.10403130162960571
-0.06831249999999998	0.10403130162960571
-0.07106249999999997	0.10403130162960571
-0.07381249999999998	0.10403130162960571
-0.07656249999999998	0.10403130162960571
-0.07931249999999998	0.10403130162960571
-0.014687499999999985	0.10641287149001291
-0.017437499999999984	0.10641287149001291
-0.020187499999999983	0.10641287149001291
-0.022937499999999986	0.10641287149001291
-0.025687499999999985	0.10641287149001291
-0.028437499999999984	0.10641287149001291
-0.031187499999999986	0.10641287149001291
-0.03393749999999998	0.10641287149001291
-0.036687499999999984	0.10641287149001291
-0.039437499999999986	0.10641287149001291
-0.04218749999999998	0.10641287149001291
-0.044937499999999984	0.10641287149001291
-0.04768749999999999	0.10641287149001291
-0.05043749999999998	0.10641287149001291
-0.053187499999999985	0.10641287149001291
-0.05593749999999998	0.10641287149001291
-0.05868749999999998	0.10641287149001291
-0.061437499999999985	0.10641287149001291
-0.06418749999999998	0.10641287149001291
-0.06693749999999998	0.10641287149001291
-0.06968749999999999	0.10641287149001291
-0.07243749999999999	0.10641287149001291
-0.07518749999999999	0.10641287149001291
-0.07793749999999999	0.10641287149001291
-0.013312499999999984	0.1087944413504201
-0.016062499999999983	0.1087944413504201
-0.018812499999999982	0.1087944413504201
-0.021562499999999984	0.1087944413504201
-0.024312499999999983	0.1087944413504201
-0.027062499999999982	0.1087944413504201
-0.029812499999999985	0.1087944413504201
-0.03256249999999998	0.1087944413504201
-0.03531249999999998	0.1087944413504201
-0.038062499999999985	0.1087944413504201
-0.04081249999999998	0.1087944413504201
-0.04356249999999998	0.10879444135042012
-0.046312499999999986	0.10879444135042012
-0.04906249999999998	0.10879444135042012
-0.051812499999999984	0.10879444135042012
-0.05456249999999998	0.10879444135042012
-0.05731249999999998	0.10879444135042012
-0.060062499999999984	0.10879444135042012
-0.06281249999999998	0.10879444135042012
-0.06556249999999998	0.10879444135042012
-0.06831249999999997	0.10879444135042012
-0.07106249999999997	0.10879444135042012
-0.07381249999999998	0.10879444135042012
-0.07656249999999998	0.10879444135042012
-0.011937499999999983	0.11117601121082732
-0.014687499999999982	0.11117601121082732
-0.01743749999999998	0.11117601121082732
-0.020187499999999983	0.11117601121082732
-0.022937499999999982	0.11117601121082732
-0.02568749999999998	0.11117601121082732
-0.028437499999999984	0.11117601121082732
-0.031187499999999983	0.11117601121082732
-0.03393749999999998	0.11117601121082732
-0.036687499999999984	0.11117601121082732
-0.03943749999999998	0.11117601121082732
-0.04218749999999998	0.11117601121082732
-0.044937499999999984	0.11117601121082732
-0.04768749999999998	0.11117601121082732
-0.05043749999999998	0.11117601121082732
-0.05318749999999998	0.11117601121082732
-0.05593749999999998	0.11117601121082732
-0.05868749999999998	0.11117601121082732
-0.06143749999999998	0.11117601121082732
-0.06418749999999998	0.11117601121082732
-0.06693749999999998	0.11117601121082732
-0.06968749999999999	0.11117601121082732
-0.07243749999999999	0.11117601121082732
-0.07518749999999999	0.11117601121082732
-0.010562499999999985	0.11355758107123452
-0.013312499999999984	0.11355758107123452
-0.016062499999999987	0.11355758107123452
-0.018812499999999985	0.11355758107123452
-0.021562499999999984	0.11355758107123452
-0.024312499999999983	0.11355758107123452
-0.027062499999999986	0.11355758107123452
-0.029812499999999985	0.11355758107123452
-0.03256249999999998	0.11355758107123452
-0.03531249999999998	0.11355758107123452
-0.038062499999999985	0.11355758107123452
-0.04081249999999999	0.11355758107123454
-0.04356249999999999	0.11355758107123454
-0.04631249999999998	0.11355758107123454
-0.04906249999999998	0.11355758107123454
-0.051812499999999984	0.11355758107123454
-0.054562499999999986	0.11355758107123454
-0.05731249999999999	0.11355758107123454
-0.06006249999999998	0.11355758107123454
-0.06281249999999998	0.11355758107123454
-0.06556249999999998	0.11355758107123454
-0.06831249999999998	0.11355758107123454
-0.07106249999999999	0.11355758107123454
-0.07381249999999999	0.11355758107123454
-0.009187499999999984	0.11593915093164173
-0.011937499999999983	0.11593915093164173
-0.014687499999999985	0.11593915093164173
-0.017437499999999984	0.11593915093164173
-0.020187499999999983	0.11593915093164173
-0.022937499999999982	0.11593915093164173
-0.025687499999999985	0.11593915093164173
-0.028437499999999984	0.11593915093164173
-0.031187499999999983	0.11593915093164173
-0.03393749999999998	0.11593915093164173
-0.036687499999999984	0.11593915093164173
-0.039437499999999986	0.11593915093164173
-0.04218749999999999	0.11593915093164173
-0.04493749999999998	0.11593915093164173
-0.04768749999999998	0.11593915093164173
-0.05043749999999998	0.11593915093164173
-0.053187499999999985	0.11593915093164173
-0.05593749999999999	0.11593915093164173
-0.058687499999999976	0.11593915093164173
-0.06143749999999998	0.11593915093164173
-0.06418749999999998	0.11593915093164173
-0.06693749999999998	0.11593915093164173
-0.06968749999999999	0.11593915093164173
-0.07243749999999999	0.11593915093164173
-0.007812499999999983	0.11832072079204894
-0.010562499999999982	0.11832072079204894
-0.013312499999999984	0.11832072079204894
-0.016062499999999983	0.11832072079204894
-0.018812499999999982	0.11832072079204894
-0.02156249999999998	0.11832072079204894
-0.024312499999999983	0.11832072079204894
-0.027062499999999982	0.11832072079204894
-0.02981249999999998	0.11832072079204894
-0.03256249999999998	0.11832072079204894
-0.03531249999999998	0.11832072079204894
-0.038062499999999985	0.11832072079204894
-0.04081249999999999	0.11832072079204894
-0.043562499999999976	0.11832072079204894
-0.04631249999999998	0.11832072079204894
-0.04906249999999998	0.11832072079204894
-0.051812499999999984	0.11832072079204894
-0.054562499999999986	0.11832072079204894
-0.057312499999999975	0.11832072079204894
-0.06006249999999998	0.11832072079204894
-0.06281249999999998	0.11832072079204894
-0.06556249999999998	0.11832072079204894
-0.06831249999999998	0.11832072079204894
-0.07106249999999999	0.11832072079204894
-0.006437499999999981	0.12070229065245615
-0.00918749999999998	0.12070229065245615
-0.011937499999999983	0.12070229065245615
-0.014687499999999982	0.12070229065245615
-0.01743749999999998	0.12070229065245615
-0.02018749999999998	0.12070229065245615
-0.022937499999999982	0.12070229065245615
-0.02568749999999998	0.12070229065245615
-0.02843749999999998	0.12070229065245615
-0.03118749999999998	0.12070229065245615
-0.03393749999999998	0.12070229065245615
-0.036687499999999984	0.12070229065245616
-0.039437499999999986	0.12070229065245616
-0.042187499999999975	0.12070229065245616
-0.04493749999999998	0.12070229065245616
-0.04768749999999998	0.12070229065245616
-0.05043749999999998	0.12070229065245616
-0.053187499999999985	0.12070229065245616
-0.05593749999999997	0.12070229065245616
-0.058687499999999976	0.12070229065245616
-0.06143749999999998	0.12070229065245616
-0.06418749999999998	0.12070229065245616
-0.06693749999999998	0.12070229065245616
-0.06968749999999999	0.12070229065245616
-0.03806249999999999	0.058781474281868785
-0.03668749999999999	0.056399904421461575
-0.0353125	0.05401833456105437
-0.033937499999999995	0.05163676470064716
-0.0325625	0.04925519484023995
-0.031187500000000003	0.046873624979832745
-0.029812500000000002	0.04449205511942554
-0.028437500000000004	0.04211048525901833
-0.027062500000000007	0.03972891539861112
-0.02568750000000001	0.037347345538203916
-0.024312500000000015	0.03496577567779671
-0.022937500000000013	0.0325842058173895
-0.021562500000000012	0.030202635956982297
-0.020187500000000018	0.027821066096575094
-0.018812500000000017	0.025439496236167883
-0.017437500000000022	0.02305792637576068
-0.01606250000000002	0.020676356515353468
-0.014687500000000023	0.018294786654946257
-0.01331250000000003	0.01591321679453906
-0.011937500000000028	0.01353164693413185
-0.010562500000000034	0.011150077073724646
-0.009187500000000032	0.008768507213317435
-0.007812500000000035	0.006386937352910224
-0.0064375000000000335	0.004005367492503013
-0.040812499999999995	0.058781474281868785
-0.03943749999999999	0.056399904421461575
-0.0380625	0.05401833456105437
-0.0366875	0.05163676470064716
-0.0353125	0.049255194840239956
-0.0339375	0.046873624979832745
-0.0325625	0.04449205511942554
-0.031187500000000003	0.04211048525901833
-0.029812500000000006	0.03972891539861112
-0.02843750000000001	0.037347345538203916
-0.027062500000000014	0.03496577567779671
-0.025687500000000012	0.0325842058173895
-0.02431250000000001	0.030202635956982297
-0.022937500000000017	0.027821066096575094
-0.021562500000000016	0.025439496236167883
-0.02018750000000002	0.02305792637576068
-0.01881250000000002	0.020676356515353468
-0.017437500000000022	0.018294786654946257
-0.016062500000000028	0.01591321679453906
-0.014687500000000027	0.01353164693413185
-0.013312500000000033	0.011150077073724646
-0.011937500000000031	0.008768507213317435
-0.010562500000000034	0.006386937352910224
-0.009187500000000032	0.004005367492503013
-0.04356249999999999	0.058781474281868785
-0.042187499999999996	0.056399904421461575
-0.040812499999999995	0.05401833456105437
-0.0394375	0.05163676470064716
-0.0380625	0.049255194840239956
-0.036687500000000005	0.046873624979832745
-0.035312500000000004	0.04449205511942554
-0.0339375	0.04211048525901833
-0.03256250000000001	0.03972891539861113
-0.03118750000000001	0.03734734553820392
-0.029812500000000013	0.03496577567779671
-0.02843750000000001	0.0325842058173895
-0.02706250000000001	0.030202635956982297
-0.025687500000000016	0.027821066096575094
-0.024312500000000015	0.025439496236167883
-0.02293750000000002	0.02305792637576068
-0.02156250000000002	0.020676356515353468
-0.020187500000000025	0.018294786654946257
-0.01881250000000003	0.01591321679453906
-0.01743750000000003	0.01353164693413185
-0.016062500000000035	0.011150077073724646
-0.014687500000000034	0.008768507213317435
-0.013312500000000033	0.006386937352910224
-0.011937500000000031	0.004005367492503013
-0.04631249999999999	0.058781474281868785
-0.04493749999999999	0.056399904421461575
-0.0435625	0.05401833456105437
-0.042187499999999996	0.05163676470064716
-0.0408125	0.049255194840239956
-0.0394375	0.046873624979832745
-0.0380625	0.04449205511942554
-0.036687500000000005	0.04211048525901833
-0.03531250000000001	0.03972891539861113
-0.03393750000000001	0.03734734553820392
-0.032562500000000015	0.03496577567779671
-0.031187500000000014	0.0325842058173895
-0.029812500000000013	0.030202635956982297
-0.02843750000000002	0.027821066096575094
-0.027062500000000017	0.025439496236167883
-0.025687500000000023	0.02305792637576068
-0.02431250000000002	0.020676356515353468
-0.022937500000000024	0.018294786654946257
-0.02156250000000003	0.01591321679453906
-0.02018750000000003	0.01353164693413185
-0.018812500000000034	0.011150077073724646
-0.017437500000000033	0.008768507213317435
-0.016062500000000035	0.006386937352910224
-0.014687500000000034	0.004005367492503013
-0.049062499999999995	0.058781474281868785
-0.047687499999999994	0.056399904421461575
-0.04631249999999999	0.05401833456105437
-0.0449375	0.05163676470064716
-0.0435625	0.049255194840239956
-0.0421875	0.046873624979832745
-0.0408125	0.04449205511942554
-0.0394375	0.04211048525901834
-0.038062500000000006	0.03972891539861113
-0.03668750000000001	0.03734734553820392
-0.03531250000000001	0.03496577567779671
-0.03393750000000001	0.03258420581738951
-0.03256250000000001	0.030202635956982297
-0.031187500000000017	0.027821066096575094
-0.029812500000000016	0.025439496236167883
-0.028437500000000022	0.02305792637576068
-0.02706250000000002	0.020676356515353468
-0.025687500000000023	0.018294786654946257
-0.02431250000000003	0.01591321679453906
-0.022937500000000027	0.01353164693413185
-0.021562500000000033	0.011150077073724646
-0.020187500000000032	0.008768507213317435
-0.018812500000000034	0.006386937352910224
-0.017437500000000033	0.004005367492503013
-0.05181249999999999	0.058781474281868785
-0.050437499999999996	0.056399904421461575
-0.049062499999999995	0.05401833456105437
-0.047687499999999994	0.05163676470064717
-0.0463125	0.049255194840239956
-0.044937500000000005	0.046873624979832745
-0.043562500000000004	0.04449205511942554
-0.0421875	0.04211048525901834
-0.0408125	0.03972891539861113
-0.03943750000000001	0.03734734553820392
-0.03806250000000001	0.03496577567779671
-0.03668750000000001	0.03258420581738951
-0.03531250000000001	0.030202635956982297
-0.033937500000000016	0.027821066096575094
-0.032562500000000015	0.025439496236167883
-0.03118750000000002	0.02305792637576068
-0.02981250000000002	0.020676356515353468
-0.028437500000000022	0.018294786654946257
-0.027062500000000028	0.01591321679453906
-0.025687500000000026	0.01353164693413185
-0.024312500000000032	0.011150077073724646
-0.02293750000000003	0.008768507213317435
-0.021562500000000033	0.006386937352910224
-0.020187500000000032	0.004005367492503013
-0.05456249999999999	0.058781474281868785
-0.0531875	0.056399904421461575
-0.0518125	0.05401833456105437
-0.050437499999999996	0.05163676470064717
-0.0490625	0.049255194840239956
-0.04768750000000001	0.04687362497983275
-0.046312500000000006	0.04449205511942554
-0.044937500000000005	0.04211048525901834
-0.043562500000000004	0.03972891539861113
-0.04218750000000001	0.03734734553820392
-0.040812500000000015	0.03496577567779671
-0.039437500000000014	0.03258420581738951
-0.03806250000000001	0.030202635956982297
-0.03668750000000002	0.027821066096575094
-0.03531250000000002	0.025439496236167883
-0.03393750000000002	0.02305792637576068
-0.03256250000000002	0.020676356515353468
-0.031187500000000024	0.018294786654946257
-0.02981250000000003	0.01591321679453906
-0.02843750000000003	0.01353164693413185
-0.027062500000000034	0.011150077073724646
-0.025687500000000033	0.008768507213317435
-0.024312500000000035	0.006386937352910224
-0.022937500000000034	0.004005367492503013
-0.05731249999999999	0.058781474281868785
-0.055937499999999994	0.056399904421461575
-0.0545625	0.05401833456105437
-0.0531875	0.05163676470064717
-0.0518125	0.049255194840239956
-0.0504375	0.04687362497983275
-0.0490625	0.04449205511942554
-0.04768750000000001	0.04211048525901834
-0.046312500000000006	0.03972891539861113
-0.04493750000000001	0.03734734553820392
-0.04356250000000001	0.03496577567779671
-0.04218750000000002	0.03258420581738951
-0.040812500000000015	0.030202635956982297
-0.039437500000000014	0.027821066096575094
-0.03806250000000001	0.025439496236167883
-0.036687500000000026	0.02305792637576068
-0.035312500000000024	0.020676356515353468
-0.03393750000000002	0.018294786654946257
-0.03256250000000003	0.01591321679453906
-0.031187500000000028	0.01353164693413185
-0.029812500000000033	0.011150077073724646
-0.028437500000000032	0.008768507213317435
-0.027062500000000034	0.006386937352910224
-0.025687500000000033	0.004005367492503013
-0.06006249999999999	0.058781474281868785
-0.05868749999999999	0.056399904421461575
-0.057312499999999995	0.05401833456105437
-0.055937499999999994	0.05163676470064717
-0.0545625	0.049255194840239956
-0.0531875	0.04687362497983275
-0.0518125	0.04449205511942554
-0.0504375	0.04211048525901834
-0.04906250000000001	0.03972891539861113
-0.04768750000000001	0.03734734553820392
-0.04631250000000001	0.03496577567779671
-0.04493750000000001	0.03258420581738951
-0.04356250000000001	0.030202635956982297
-0.04218750000000002	0.027821066096575094
-0.040812500000000015	0.025439496236167883
-0.03943750000000002	0.02305792637576068
-0.03806250000000002	0.020676356515353468
-0.036687500000000026	0.018294786654946257
-0.035312500000000024	0.01591321679453906
-0.03393750000000002	0.01353164693413185
-0.032562500000000036	0.011150077073724646
-0.03118750000000003	0.008768507213317435
-0.029812500000000033	0.006386937352910224
-0.028437500000000032	0.004005367492503013
-0.0628125	0.058781474281868785
-0.06143749999999999	0.056399904421461575
-0.06006249999999999	0.05401833456105437
-0.0586875	0.05163676470064717
-0.057312499999999995	0.049255194840239956
-0.0559375	0.04687362497983275
-0.0545625	0.04449205511942554
-0.0531875	0.04211048525901834
-0.051812500000000004	0.03972891539861113
-0.05043750000000001	0.03734734553820392
-0.04906250000000001	0.03496577567779671
-0.04768750000000001	0.03258420581738951
-0.046312500000000006	0.030202635956982297
-0.04493750000000002	0.027821066096575094
-0.04356250000000002	0.025439496236167883
-0.04218750000000002	0.02305792637576068
-0.040812500000000015	0.020676356515353468
-0.03943750000000002	0.018294786654946257
-0.03806250000000003	0.01591321679453906
-0.036687500000000026	0.01353164693413185
-0.03531250000000003	0.011150077073724646
-0.03393750000000003	0.008768507213317435
-0.032562500000000036	0.006386937352910224
-0.03118750000000003	0.004005367492503013
-0.0655625	0.058781474281868785
-0.0641875	0.05639990442146158
-0.0628125	0.05401833456105437
-0.06143749999999999	0.05163676470064717
-0.0600625	0.049255194840239956
-0.058687500000000004	0.04687362497983275
-0.0573125	0.04449205511942554
-0.0559375	0.04211048525901834
-0.0545625	0.03972891539861113
-0.053187500000000006	0.03734734553820392
-0.05181250000000001	0.03496577567779671
-0.05043750000000001	0.03258420581738951
-0.04906250000000001	0.030202635956982297
-0.047687500000000015	0.027821066096575094
-0.04631250000000001	0.025439496236167883
-0.04493750000000002	0.02305792637576068
-0.04356250000000002	0.020676356515353468
-0.04218750000000002	0.018294786654946257
-0.04081250000000003	0.01591321679453906
-0.03943750000000003	0.01353164693413185
-0.03806250000000003	0.011150077073724646
-0.036687500000000026	0.008768507213317435
-0.03531250000000003	0.006386937352910224
-0.03393750000000003	0.004005367492503013
-0.0683125	0.058781474281868785
-0.0669375	0.05639990442146158
-0.0655625	0.05401833456105437
-0.0641875	0.05163676470064717
-0.0628125	0.049255194840239956
-0.061437500000000006	0.04687362497983275
-0.060062500000000005	0.04449205511942554
-0.058687500000000004	0.04211048525901834
-0.0573125	0.03972891539861113
-0.05593750000000001	0.03734734553820392
-0.054562500000000014	0.03496577567779671
-0.05318750000000001	0.03258420581738951
-0.05181250000000001	0.030202635956982297
-0.05043750000000002	0.027821066096575094
-0.049062500000000016	0.025439496236167883
-0.04768750000000002	0.02305792637576068
-0.04631250000000002	0.020676356515353468
-0.04493750000000002	0.018294786654946257
-0.04356250000000003	0.01591321679453906
-0.04218750000000003	0.01353164693413185
-0.04081250000000003	0.011150077073724646
-0.03943750000000003	0.008768507213317435
-0.038062500000000034	0.006386937352910224
-0.03668750000000003	0.004005367492503013
-0.0710625	0.058781474281868785
-0.06968749999999999	0.05639990442146158
-0.0683125	0.05401833456105437
-0.0669375	0.05163676470064717
-0.0655625	0.049255194840239956
-0.06418750000000001	0.04687362497983275
-0.06281250000000001	0.04449205511942554
-0.061437500000000006	0.04211048525901834
-0.060062500000000005	0.03972891539861113
-0.05868750000000001	0.03734734553820392
-0.057312500000000016	0.03496577567779671
-0.055937500000000015	0.03258420581738951
-0.054562500000000014	0.030202635956982297
-0.05318750000000002	0.027821066096575094
-0.05181250000000002	0.025439496236167883
-0.050437500000000024	0.02305792637576068
-0.04906250000000002	0.020676356515353468
-0.04768750000000002	0.018294786654946257
-0.046312500000000034	0.01591321679453906
-0.04493750000000003	0.01353164693413185
-0.04356250000000003	0.011150077073724646
-0.04218750000000003	0.008768507213317435
-0.040812500000000036	0.006386937352910224
-0.039437500000000035	0.004005367492503013
-0.07381249999999999	0.058781474281868785
-0.07243749999999999	0.05639990442146158
-0.0710625	0.05401833456105437
-0.06968749999999999	0.05163676470064717
-0.0683125	0.049255194840239956
-0.0669375	0.04687362497983275
-0.0655625	0.04449205511942554
-0.06418750000000001	0.04211048525901834
-0.06281250000000001	0.03972891539861113
-0.061437500000000006	0.03734734553820392
-0.06006250000000001	0.03496577567779672
-0.05868750000000001	0.03258420581738951
-0.05731250000000001	0.030202635956982297
-0.055937500000000015	0.027821066096575094
-0.054562500000000014	0.025439496236167883
-0.05318750000000002	0.02305792637576068
-0.05181250000000002	0.020676356515353468
-0.050437500000000024	0.018294786654946257
-0.04906250000000002	0.01591321679453906
-0.04768750000000002	0.01353164693413185
-0.046312500000000034	0.011150077073724646
-0.04493750000000003	0.008768507213317435
-0.04356250000000003	0.006386937352910224
-0.04218750000000003	0.004005367492503013
-0.07656249999999999	0.058781474281868785
-0.07518749999999999	0.05639990442146158
-0.0738125	0.05401833456105437
-0.07243749999999999	0.05163676470064717
-0.0710625	0.049255194840239956
-0.0696875	0.04687362497983275
-0.0683125	0.04449205511942554
-0.06693750000000001	0.04211048525901834
-0.06556250000000001	0.039728915398611134
-0.06418750000000001	0.03734734553820393
-0.06281250000000002	0.03496577567779672
-0.06143750000000001	0.03258420581738951
-0.06006250000000001	0.030202635956982297
-0.05868750000000002	0.027821066096575094
-0.057312500000000016	0.025439496236167883
-0.05593750000000002	0.02305792637576068
-0.05456250000000002	0.020676356515353468
-0.053187500000000026	0.018294786654946257
-0.051812500000000025	0.01591321679453906
-0.050437500000000024	0.01353164693413185
-0.04906250000000004	0.011150077073724646
-0.047687500000000035	0.008768507213317435
-0.046312500000000034	0.006386937352910224
-0.04493750000000003	0.004005367492503013
-0.07931249999999998	0.058781474281868785
-0.07793749999999999	0.05639990442146158
-0.07656249999999999	0.05401833456105437
-0.07518749999999999	0.05163676470064717
-0.0738125	0.04925519484023996
-0.07243749999999999	0.04687362497983275
-0.0710625	0.04449205511942554
-0.0696875	0.04211048525901834
-0.0683125	0.039728915398611134
-0.06693750000000001	0.03734734553820393
-0.06556250000000001	0.03496577567779672
-0.06418750000000001	0.03258420581738951
-0.06281250000000001	0.030202635956982297
-0.06143750000000001	0.027821066096575094
-0.06006250000000001	0.025439496236167883
-0.05868750000000002	0.02305792637576068
-0.057312500000000016	0.020676356515353468
-0.055937500000000015	0.018294786654946257
-0.05456250000000003	0.01591321679453906
-0.053187500000000026	0.01353164693413185
-0.051812500000000025	0.011150077073724646
-0.050437500000000024	0.008768507213317435
-0.04906250000000003	0.006386937352910224
-0.04768750000000003	0.004005367492503013
-0.08206249999999998	0.058781474281868785
-0.0806875	0.05639990442146158
-0.0793125	0.05401833456105437
-0.07793749999999999	0.05163676470064717
-0.0765625	0.04925519484023996
-0.07518749999999999	0.04687362497983275
-0.0738125	0.04449205511942554
-0.0724375	0.04211048525901834
-0.0710625	0.039728915398611134
-0.06968750000000001	0.03734734553820393
-0.06831250000000001	0.03496577567779672
-0.06693750000000001	0.03258420581738951
-0.06556250000000001	0.030202635956982297
-0.06418750000000001	0.027821066096575094
-0.06281250000000002	0.025439496236167883
-0.06143750000000002	0.02305792637576068
-0.06006250000000002	0.020676356515353468
-0.05868750000000002	0.018294786654946257
-0.05731250000000003	0.01591321679453906
-0.05593750000000003	0.01353164693413185
-0.05456250000000003	0.011150077073724646
-0.053187500000000026	0.008768507213317435
-0.05181250000000003	0.006386937352910224
-0.05043750000000003	0.004005367492503013
-0.08481249999999999	0.058781474281868785
-0.0834375	0.05639990442146158
-0.0820625	0.05401833456105437
-0.0806875	0.05163676470064717
-0.07931250000000001	0.04925519484023996
-0.07793749999999999	0.04687362497983275
-0.0765625	0.04449205511942554
-0.0751875	0.04211048525901834
-0.0738125	0.039728915398611134
-0.07243750000000002	0.03734734553820393
-0.07106250000000001	0.03496577567779672
-0.06968750000000001	0.03258420581738951
-0.06831250000000001	0.030202635956982297
-0.06693750000000001	0.027821066096575094
-0.06556250000000002	0.025439496236167883
-0.06418750000000002	0.02305792637576068
-0.06281250000000002	0.020676356515353468
-0.06143750000000002	0.018294786654946257
-0.06006250000000003	0.01591321679453906
-0.05868750000000003	0.01353164693413185
-0.05731250000000003	0.011150077073724646
-0.05593750000000003	0.008768507213317435
-0.054562500000000035	0.006386937352910224
-0.05318750000000003	0.004005367492503013
-0.08756249999999999	0.05878147428186879
-0.08618749999999999	0.05639990442146158
-0.08481249999999999	0.05401833456105437
-0.0834375	0.05163676470064717
-0.0820625	0.04925519484023996
-0.0806875	0.04687362497983275
-0.0793125	0.04449205511942554
-0.07793749999999999	0.04211048525901834
-0.0765625	0.039728915398611134
-0.0751875	0.03734734553820393
-0.0738125	0.03496577567779672
-0.07243750000000002	0.03258420581738951
-0.0710625	0.030202635956982304
-0.06968750000000001	0.0278210660965751
-0.06831250000000001	0.025439496236167883
-0.06693750000000001	0.02305792637576068
-0.06556250000000002	0.020676356515353475
-0.06418750000000002	0.018294786654946257
-0.06281250000000002	0.015913216794539067
-0.06143750000000002	0.01353164693413185
-0.06006250000000003	0.011150077073724646
-0.05868750000000003	0.008768507213317442
-0.05731250000000003	0.006386937352910224
-0.05593750000000003	0.00400536749250302
-0.09031249999999999	0.05878147428186879
-0.08893749999999999	0.05639990442146158
-0.08756249999999999	0.05401833456105437
-0.0861875	0.05163676470064717
-0.0848125	0.04925519484023996
-0.0834375	0.04687362497983275
-0.0820625	0.04449205511942554
-0.0806875	0.04211048525901834
-0.07931250000000001	0.039728915398611134
-0.0779375	0.03734734553820393
-0.0765625	0.03496577567779672
-0.07518750000000002	0.03258420581738951
-0.0738125	0.030202635956982304
-0.07243750000000002	0.0278210660965751
-0.07106250000000001	0.02543949623616789
-0.06968750000000001	0.023057926375760686
-0.06831250000000003	0.020676356515353475
-0.06693750000000002	0.018294786654946264
-0.06556250000000002	0.015913216794539067
-0.06418750000000002	0.013531646934131857
-0.06281250000000003	0.011150077073724653
-0.061437500000000034	0.008768507213317442
-0.06006250000000003	0.006386937352910231
-0.05868750000000003	0.00400536749250302
-0.09306249999999999	0.05878147428186879
-0.09168749999999998	0.05639990442146158
-0.09031249999999999	0.05401833456105437
-0.08893749999999999	0.05163676470064717
-0.08756249999999999	0.04925519484023996
-0.0861875	0.04687362497983276
-0.0848125	0.04449205511942554
-0.0834375	0.04211048525901834
-0.0820625	0.039728915398611134
-0.0806875	0.03734734553820393
-0.07931250000000001	0.03496577567779672
-0.0779375	0.03258420581738951
-0.0765625	0.030202635956982304
-0.07518750000000002	0.0278210660965751
-0.0738125	0.02543949623616789
-0.07243750000000002	0.023057926375760686
-0.07106250000000001	0.020676356515353475
-0.06968750000000001	0.018294786654946264
-0.06831250000000003	0.015913216794539067
-0.06693750000000002	0.013531646934131857
-0.06556250000000002	0.011150077073724653
-0.06418750000000002	0.008768507213317442
-0.06281250000000002	0.006386937352910231
-0.06143750000000003	0.00400536749250302
-0.0958125	0.05878147428186879
-0.09443749999999998	0.05639990442146158
-0.09306249999999999	0.05401833456105437
-0.09168749999999999	0.05163676470064717
-0.09031249999999999	0.04925519484023996
-0.0889375	0.04687362497983276
-0.0875625	0.04449205511942554
-0.0861875	0.04211048525901834
-0.0848125	0.039728915398611134
-0.0834375	0.03734734553820393
-0.08206250000000001	0.03496577567779672
-0.08068750000000001	0.03258420581738951
-0.07931250000000001	0.030202635956982304
-0.07793750000000002	0.0278210660965751
-0.0765625	0.02543949623616789
-0.07518750000000002	0.023057926375760686
-0.07381250000000002	0.020676356515353475
-0.07243750000000002	0.018294786654946264
-0.07106250000000003	0.015913216794539067
-0.06968750000000003	0.013531646934131857
-0.06831250000000003	0.011150077073724653
-0.06693750000000002	0.008768507213317442
-0.06556250000000002	0.006386937352910231
-0.06418750000000004	0.00400536749250302
-0.09856249999999998	0.05878147428186879
-0.09718749999999998	0.05639990442146158
-0.0958125	0.05401833456105438
-0.09443749999999998	0.05163676470064717
-0.09306249999999999	0.04925519484023996
-0.09168749999999999	0.04687362497983276
-0.09031249999999999	0.04449205511942554
-0.0889375	0.04211048525901834
-0.0875625	0.039728915398611134
-0.0861875	0.03734734553820393
-0.08481250000000001	0.03496577567779672
-0.0834375	0.03258420581738951
-0.08206250000000001	0.030202635956982304
-0.08068750000000001	0.0278210660965751
-0.07931250000000001	0.02543949623616789
-0.07793750000000002	0.023057926375760686
-0.0765625	0.020676356515353475
-0.07518750000000002	0.018294786654946264
-0.07381250000000002	0.015913216794539067
-0.07243750000000002	0.013531646934131857
-0.07106250000000003	0.011150077073724653
-0.06968750000000003	0.008768507213317442
-0.06831250000000003	0.006386937352910231
-0.06693750000000002	0.00400536749250302
-0.10131249999999999	0.05878147428186879
-0.09993749999999998	0.05639990442146158
-0.09856249999999998	0.05401833456105438
-0.09718749999999998	0.05163676470064717
-0.0958125	0.04925519484023996
-0.0944375	0.04687362497983276
-0.09306249999999999	0.04449205511942555
-0.0916875	0.04211048525901834
-0.0903125	0.039728915398611134
-0.0889375	0.03734734553820393
-0.08756250000000002	0.03496577567779672
-0.0861875	0.03258420581738951
-0.08481250000000001	0.030202635956982304
-0.08343750000000001	0.0278210660965751
-0.08206250000000001	0.02543949623616789
-0.08068750000000002	0.023057926375760686
-0.07931250000000001	0.020676356515353475
-0.07793750000000002	0.018294786654946264
-0.07656250000000002	0.015913216794539067
-0.07518750000000002	0.013531646934131857
-0.07381250000000003	0.011150077073724653
-0.07243750000000003	0.008768507213317442
-0.07106250000000003	0.006386937352910231
-0.06968750000000003	0.00400536749250302
